673 1338.3
2312 137.1
4893 1787.3
113146 NaN
94025 14.3
7273 1038.1
140453 102.4
7038 314.6
3265 1877.2
285464 100.8
727897 NaN
996 1065.2
284802 115.3
463 700.7
94137 2.8
1770 183.5
84033 196.3
388697 255.9
115294 207.1
2153 981.6
4288 1335.7
6708 414.5
58508 108.2
114784 151.1
6261 575.7
4297 538.5
83481 314.0
85301 NaN
23345 413.5
4588 NaN
7011 247.4
4586 NaN
5339 772.8
2904 618.2
7148 178.4
2051 1061.5
23524 675.4
774 1088.4
11200 1437.7
9774 527.1
3709 1265.0
143 218.2
5781 1337.8
23195 1147.1
5314 325.8
353333 267.6
1964 1491.9
2125 602.2
1769 40.6
3845 1846.8
84059 174.9
388698 192.9
2483 117.5
83872 136.4
55814 572.9
394263 NaN
115701 35.0
1176 626.2
79026 352.8
285643 NaN
472 827.9
23405 1684.5
64072 325.4
26974 361.4
50509 268.1
4300 421.3
545 1233.2
1767 627.5
11214 737.6
6996 716.8
10985 474.0
8913 47.4
89795 651.1
57619 1035.7
2318 622.3
25878 568.3
1114 104.6
4624 1229.6
84809 NaN
8239 471.8
7716 52.5
54535 211.6
6840 294.3
6560 106.8
9509 48.3
7301 755.1
84498 328.1
338 1212.5
65250 NaN
1293 980.2
10129 913.8
57634 407.3
3909 411.5
2028 415.8
8493 1195.3
57492 822.1
8735 1042.4
196385 22.8
4638 1052.9
8632 40.3
1778 1028.3
23334 47.1
56134 NaN
8546 727.9
2804 231.6
26064 274.9
221037 903.4
9656 566.1
5493 453.7
9612 761.3
127294 NaN
10579 398.1
55746 890.8
57724 29.3
5644 763.9
1130 550.2
777 998.1
4035 1124.3
23353 530.1
23140 191.1
162540 82.9
55127 512.7
10564 1166.1
7158 540.7
165140 1.0
51168 143.4
79868 89.5
7399 173.8
2177 223.8
4645 412.4
56097 NaN
80144 909.4
3575 586.1
148741 12.2
54726 389.4
26529 55.1
4215 1609.3
57674 409.6
1289 637.5
6908 1564.5
5670 44.5
5545 60.9
3683 739.9
2195 599.5
4703 148.0
57188 85.4
57589 59.6
8777 485.2
1282 1181.2
4583 1016.7
8729 1084.8
114788 40.6
55454 191.0
4589 170.1
146754 40.3
20 198.4
93492 422.1
51281 105.3
139378 11.1
80036 346.4
667 726.3
10395 177.7
286 449.7
5168 508.9
120114 NaN
2316 1282.2
79987 628.6
57453 370.4
171019 35.3
83637 349.2
6092 340.9
55578 136.0
23499 1022.5
83439 893.8
675 598.7
170692 39.2
3910 450.7
2201 264.3
3339 971.8
1292 662.4
25981 99.2
8857 442.1
23002 90.9
3667 1011.6
9611 682.2
207 1617.8
11188 286.1
9278 706.1
57210 NaN
401827 NaN
126206 50.3
653247 NaN
3911 1124.4
5116 209.9
54545 48.8
8927 585.9
9248 4.1
284058 413.7
23077 852.4
6503 1118.5
127062 NaN
283130 98.3
7576 NaN
90102 198.2
57834 141.0
9659 384.8
153478 NaN
23293 400.7
23211 NaN
7916 772.3
5789 915.7
5799 767.6
55567 49.6
386679 261.6
729359 213.6
1659 763.1
1755 115.1
718 380.9
57482 NaN
4210 190.5
85319 0.2
55534 197.3
8516 696.8
55357 NaN
169044 NaN
32 1060.7
339829 NaN
114795 NaN
10347 23.8
338662 0.2
7204 1201.1
4440 923.4
64411 43.9
54795 27.9
29951 7.2
55576 125.3
202 486.1
55187 511.9
56130 NaN
1303 589.2
1788 396.6
643905 NaN
4017 613.0
3105 793.3
393046 NaN
9172 407.3
85440 251.4
114780 166.9
145508 143.1
5286 389.8
2196 140.2
21 39.7
4621 1058.6
51196 361.0
6614 789.7
288 693.6
23054 526.5
2200 757.5
10840 607.0
287 1028.8
23224 295.8
27445 NaN
114794 172.0
83660 184.1
168507 68.8
64167 167.4
633 1041.2
9098 15.7
5673 NaN
1826 312.4
22899 40.2
5606 782.5
4026 709.5
1006 82.9
1777 88.5
22982 713.5
672 1320.2
5365 380.3
9947 130.1
80726 110.5
55689 72.2
63976 264.5
54953 238.1
259266 581.2
9563 502.3
7145 328.8
27153 5.2
23533 126.7
5672 NaN
5294 976.7
51586 710.3
27 1125.4
84162 NaN
126638 NaN
339976 27.5
56667 190.5
4485 898.3
7010 895.8
221223 14.5
5310 671.2
85439 98.6
169522 543.4
1286 255.6
8623 253.2
1302 91.3
79659 72.1
57451 22.2
5256 198.3
4606 61.7
23064 69.3
7455 184.0
23294 408.0
3183 1075.5
138882 NaN
64772 38.7
5371 924.8
9154 36.9
7062 NaN
65122 NaN
9231 636.9
7226 167.4
1523 842.8
57572 89.2
54549 627.7
25861 142.6
51366 1094.4
25836 543.9
10763 875.2
255104 419.3
127066 1.4
4130 853.3
284434 428.4
64241 109.3
4892 196.2
6098 1256.0
176 201.1
161176 186.8
2324 1035.7
4131 1043.1
9378 299.5
26278 140.5
23362 567.6
5728 1367.7
55735 426.8
57685 314.8
63926 NaN
223075 197.7
27248 264.4
54777 NaN
374308 28.5
4619 1086.7
10343 88.9
54897 NaN
9515 NaN
55125 226.3
238 1007.1
327657 81.6
1501 808.7
6597 1768.9
8736 109.8
6711 857.4
158471 1.4
1107 480.5
57647 1181.0
3782 334.0
115019 1.8
5803 499.4
84226 NaN
171389 9.9
6731 1306.4
57578 558.8
2314 450.1
64324 331.5
1822 1304.6
90523 NaN
394 513.1
5979 882.0
23450 1212.7
80205 1137.3
5420 33.1
11078 154.7
4868 541.3
56171 50.4
7143 113.1
55339 541.3
161394 35.6
7412 664.3
6101 94.6
23560 1491.4
5475 746.6
158809 10.0
84467 119.6
122622 1050.8
64478 133.3
23151 178.0
7083 1191.7
26707 NaN
55870 362.8
8848 620.7
7364 581.5
23286 341.4
84074 106.4
1462 1086.5
23523 290.4
477 816.1
144132 38.6
11095 15.6
3359 224.2
93589 828.9
6262 845.3
64344 1347.8
25956 334.8
375056 76.9
6582 80.7
5013 499.3
2802 265.8
23670 33.5
5364 437.2
22925 157.8
421 261.0
117196 NaN
7253 401.7
4810 43.0
1287 1044.4
65217 31.2
4298 158.3
442194 NaN
10514 341.6
22992 424.8
57540 NaN
3908 707.0
25960 623.4
2806 1153.5
93035 298.1
6583 94.2
9721 172.6
2185 952.8
1438 364.8
6336 220.0
653319 13.1
259232 753.7
115 124.5
8295 1162.4
79608 528.7
139628 NaN
7840 12.8
7015 679.1
54796 246.8
55832 558.6
169841 413.8
23005 1113.8
23091 358.4
83550 NaN
3703 976.1
57458 1.9
5669 13.9
9858 96.6
54904 564.8
4620 1188.6
11025 1046.2
11240 68.1
283234 3.8
4666 1332.0
7703 326.8
146664 NaN
5290 1063.4
79142 NaN
158326 113.3
2186 647.6
7466 27.1
390439 NaN
23352 848.4
3566 922.3
341799 NaN
2736 1317.6
491 868.0
10734 290.3
654463 NaN
4862 414.5
348801 NaN
57479 NaN
23563 70.7
5122 204.0
23236 480.4
6830 946.2
29 71.8
779 558.5
80700 650.3
11173 207.6
2906 712.1
84629 136.1
9119 35.1
26173 19.4
26005 146.6
57473 704.0
5139 629.6
23242 370.8
9672 1089.6
3083 168.2
27164 623.1
23572 NaN
7058 830.4
3008 525.0
1244 756.4
259282 109.7
10319 20.5
3547 805.7
57565 343.6
4137 1161.8
3120 857.9
374655 153.5
5214 1195.2
5822 1053.3
7913 1204.4
1657 725.9
3101 1115.1
10142 882.2
55901 28.4
10072 451.0
5587 829.7
7080 487.4
8798 736.9
151651 74.2
51059 121.1
6323 137.5
1499 1624.8
5802 1105.2
50944 493.0
8502 305.3
55799 490.0
219437 NaN
4626 1083.6
219417 NaN
25831 577.1
6547 979.3
10297 554.7
10725 511.0
387357 NaN
55153 1115.1
55209 394.6
64579 231.4
414918 33.0
3708 1059.7
364 321.9
6646 956.8
441521 NaN
6511 11.2
118611 NaN
56252 NaN
134391 16.3
2532 152.1
89766 294.8
65266 464.0
138805 106.7
1630 896.9
25914 NaN
26154 131.7
284217 404.2
10144 167.4
128372 5.3
54832 504.8
100132406 NaN
140690 359.5
283284 336.4
79400 252.8
3938 330.6
29946 123.8
196528 832.2
2891 511.5
8312 516.1
55612 437.3
9994 310.1
10594 1218.0
577 28.9
114026 362.3
2939 153.2
730 359.4
439915 100.4
84691 6.5
58499 144.5
7486 548.6
84181 643.0
9223 1836.7
23544 NaN
57568 388.6
55757 227.5
90850 162.2
215 383.6
147945 62.0
28959 NaN
92017 117.1
9534 576.3
108 31.9
8021 745.6
3371 700.1
10178 61.8
337986 NaN
9486 41.5
29954 953.7
54464 1465.0
2157 357.3
129446 NaN
54856 70.5
4261 730.9
171023 164.6
606 NaN
7157 1601.4
6775 539.4
23037 81.1
56980 117.1
89876 37.2
8038 1012.4
23312 456.8
2778 839.7
6872 1059.4
26040 40.6
8912 252.0
10683 193.7
2916 173.4
4774 493.6
53905 519.4
202333 7.1
125115 125.1
23451 1310.2
23095 716.5
1182 655.0
7766 427.9
9343 1035.2
55879 17.0
50613 401.7
5591 1091.9
55589 1095.0
4734 667.1
2335 1226.7
3812 18.3
7287 678.7
60680 518.3
9841 45.5
283694 NaN
10290 NaN
1269 2.6
10699 28.9
26152 523.6
4940 495.4
8482 87.0
386680 262.0
3617 763.0
6328 180.8
11043 53.6
460 88.5
139818 521.0
440050 16.0
23086 255.5
90167 4.2
64377 NaN
8078 596.3
10417 NaN
25929 643.1
5858 144.6
221092 220.9
26140 2.5
4313 1107.2
7799 114.9
4486 1038.8
9332 1176.3
283455 981.6
773 1250.4
92211 729.0
54102 70.4
139728 450.6
7007 151.3
6821 358.7
389136 497.3
11113 1034.2
8202 855.1
55781 1099.4
6709 1103.4
159989 88.8
9772 211.5
2047 979.6
23347 NaN
55558 456.1
5331 389.9
10045 181.7
138474 886.5
3912 434.3
553158 604.1
22904 1062.0
255101 219.5
121256 NaN
26740 5.3
8647 700.1
80216 84.1
84196 552.5
55784 8.0
25790 84.5
10237 880.9
54456 NaN
647174 NaN
23268 253.5
10780 521.6
4057 591.0
26011 NaN
55930 800.0
1009 599.1
116931 469.0
390113 4.6
56978 2.0
80005 651.6
2066 1486.3
286410 213.4
116113 50.7
57191 NaN
80712 1070.7
904 852.7
3603 646.3
4855 740.0
157680 NaN
5627 419.1
9757 171.5
157285 NaN
378938 NaN
440533 NaN
952 835.3
170572 1.1
1641 522.5
57508 148.0
3376 1443.7
25885 940.1
393 338.6
9590 820.8
1394 216.4
8701 170.4
401018 NaN
22865 2.1
781 490.1
815 1122.5
23522 273.4
55633 370.4
8050 508.1
80032 321.2
9353 735.2
8875 113.0
57523 NaN
54487 227.1
29123 452.9
1288 200.1
9990 195.8
11164 821.8
9091 75.7
51332 812.0
8925 362.4
23049 678.1
56979 423.3
27074 431.3
9644 122.7
54888 1821.3
9688 1069.1
1953 244.9
221395 332.2
221935 14.5
84225 141.8
10902 330.8
56142 10.5
3054 968.5
93649 240.6
121512 76.7
399947 NaN
170690 139.4
3257 79.2
4253 152.9
6524 43.9
55275 359.6
256714 12.8
84699 314.2
57731 456.9
6730 589.4
7579 364.8
23379 NaN
2889 421.0
22853 578.0
9777 1093.4
84898 188.2
11262 386.4
9183 916.3
9857 184.9
390181 NaN
776 627.2
11005 139.9
340527 NaN
2701 261.9
5925 1292.9
219875 0
2319 343.6
10941 136.9
11086 11.8
201243 NaN
955 634.8
2648 1068.5
2733 623.0
22997 NaN
8972 183.9
4763 1073.4
57198 213.2
23116 199.5
540 293.6
51224 81.4
10664 541.9
9871 141.7
127579 862.1
9887 517.5
3834 9.5
55089 200.9
10520 475.4
622 323.9
51684 623.6
3913 441.3
8665 837.9
84436 523.7
64855 13.1
5930 775.3
23504 108.3
23189 1048.1
357 267.4
26020 24.5
80235 437.9
10464 380.2
85441 120.6
389840 594.2
10568 268.5
197131 603.9
163051 578.4
63874 591.1
1512 706.5
22983 686.9
79726 149.0
473 858.0
25927 717.5
119682 50.8
1195 1074.1
5431 1621.6
283951 NaN
1301 65.6
23742 19.6
7384 909.4
9361 717.8
256949 202.3
56270 190.4
25879 1321.1
84103 NaN
92736 24.8
476 1330.8
10808 1084.8
6671 339.9
3482 273.7
125488 227.8
124359 430.1
1048 265.0
9340 150.0
388646 1.5
55218 102.0
25764 62.7
56896 417.1
6838 865.9
51295 272.0
4585 237.8
4682 475.5
54887 NaN
5678 85.6
9321 253.6
23654 NaN
391192 NaN
1306 404.8
9379 307.5
79776 147.7
1544 42.9
347365 10.1
57654 NaN
5924 116.1
343169 43.2
54477 511.4
9459 686.6
6585 929.1
51491 295.6
3751 312.6
222826 NaN
9881 NaN
9726 98.2
9794 209.5
140803 247.9
390437 NaN
56833 458.0
9758 105.3
1005 70.6
54880 342.2
5800 768.7
8291 281.6
9705 282.0
1786 898.6
10767 646.9
10847 817.7
148066 32.0
2774 273.3
64834 654.3
390594 NaN
1468 447.9
1373 1059.6
284086 731.5
27018 521.7
775 689.6
144193 414.7
4952 1026.8
554 113.6
57707 105.5
2491 NaN
9736 550.1
79370 120.9
8515 63.7
11122 138.9
5535 699.5
5646 979.9
80864 250.5
5125 623.0
26033 178.4
80128 489.6
8654 84.5
57547 522.7
84075 NaN
79443 115.1
59269 189.4
10969 1322.3
80209 398.5
27163 0.5
55206 258.8
80204 766.4
10723 89.6
4045 339.2
22989 NaN
8575 913.9
80143 324.6
55619 54.1
196968 NaN
390151 NaN
23040 78.9
8751 681.9
26608 664.5
494119 0.4
22861 442.8
64084 548.4
780 805.4
57642 4.2
4172 1531.2
219527 29.5
219623 NaN
254050 NaN
22995 358.4
57530 485.8
921 753.4
57466 324.0
55811 50.3
9096 17.8
9001 361.7
3852 1069.2
3127 38.3
83732 863.3
28423 NaN
10014 598.2
79660 72.0
3899 992.9
91851 32.8
55005 1.2
3117 413.3
84916 1328.6
23503 45.5
390264 9.3
4059 148.2
2074 783.2
54819 93.4
219 1100.6
57380 568.0
391059 20.3
7045 1088.9
4233 1072.7
117583 787.4
2887 594.7
6892 479.6
6014 613.2
653492 NaN
283987 632.6
51092 853.3
94160 13.6
2217 1064.3
9785 884.2
200958 27.4
22911 68.4
23023 197.8
56474 945.1
3490 246.7
1794 1049.3
23092 649.0
5794 300.9
57115 NaN
8720 469.8
84166 655.8
91181 NaN
8747 NaN
29994 54.7
116966 180.8
3615 1609.6
285220 119.8
152110 831.7
9782 652.6
2000 511.2
23135 169.0
9687 153.1
8470 1132.4
112802 NaN
9700 801.3
54443 856.3
54878 207.4
607 419.9
4685 302.6
55320 419.7
1588 189.0
79892 60.3
1583 389.2
54830 11.4
5362 456.5
83416 25.6
126205 50.8
441639 3.8
7456 1138.3
29997 1135.2
55727 435.3
23007 145.5
54714 510.8
85449 8.5
83992 86.9
283989 77.5
50618 1001.4
80312 57.1
23082 52.8
3663 131.9
259249 NaN
340980 NaN
338567 119.1
79589 486.9
1010 11.8
8805 1072.4
6770 506.6
1106 1018.8
946 85.5
23433 454.6
144568 30.6
8853 299.1
3890 256.2
2800 377.2
54014 275.4
51003 250.8
9652 809.8
654429 14.3
11236 383.9
3954 225.4
642938 NaN
140883 87.2
389208 100.3
121364 NaN
9392 313.3
29850 90.8
6546 592.4
205717 393.3
1108 733.4
54873 187.0
6594 1129.3
4547 187.4
256892 1.1
22986 662.7
5723 1055.3
133584 88.1
5649 160.1
9882 465.2
1374 75.1
6993 410.3
720 321.0
56139 NaN
81704 982.6
148870 99.0
7922 669.8
57178 401.2
80179 47.5
55102 NaN
51562 155.2
3455 285.2
55904 199.1
799 467.0
208 1086.1
4625 1201.6
56154 NaN
57480 18.6
390093 44.7
91752 32.3
390061 64.1
23300 69.2
55691 59.1
1757 229.7
221711 NaN
4063 55.1
1871 729.5
3918 118.2
79623 99.8
84726 NaN
22795 726.5
4641 540.1
1956 1868.3
10128 1197.0
23112 368.7
5980 738.1
29118 580.7
9877 811.2
10107 26.6
113091 3.1
7538 1010.4
390078 NaN
56164 537.1
448831 NaN
3710 849.2
85320 175.8
178 884.6
23301 132.1
4881 198.4
2145 784.4
53353 252.2
120775 NaN
11046 402.0
54346 158.9
2113 1193.3
199777 NaN
782 444.0
128368 8.1
5042 1657.4
3106 712.3
2897 441.8
1441 866.2
54875 160.5
8887 416.7
57452 250.3
7059 186.4
79784 1033.8
56996 665.6
6817 243.0
6604 1154.8
57338 148.7
9980 60.0
546 428.7
1464 379.3
6206 1204.7
283459 225.5
4939 687.0
4111 46.6
57194 235.3
2033 1643.0
8989 72.9
56995 245.9
317 260.1
79783 65.9
51493 82.2
489 559.8
28988 131.4
2734 269.0
26048 3.7
54972 145.7
80270 280.4
2275 576.0
90485 50.5
8541 196.0
145864 33.7
6650 164.5
6305 135.6
157855 NaN
28983 100.4
2328 422.3
4651 427.3
10460 1113.1
57509 162.8
245802 65.6
10743 96.6
245973 559.5
23053 250.3
4683 639.2
25 1456.9
440435 86.2
22841 322.0
53335 133.3
322 1098.4
80122 749.2
143684 47.5
8614 341.9
10076 358.1
6625 1169.7
55291 1116.2
80206 14.9
80184 117.0
2899 414.4
79585 793.4
1815 265.2
26658 NaN
64434 158.1
132660 546.8
55197 569.6
5007 531.1
51167 270.8
6133 1524.2
4289 196.3
55299 1430.9
51386 758.6
131 71.7
24 149.4
2121 NaN
10326 134.3
104 456.1
2158 182.4
282770 NaN
2892 532.2
79908 105.0
11064 574.2
8455 701.0
4125 201.2
3385 582.0
57020 677.2
93210 621.6
23240 174.9
9267 274.6
338674 5.5
4015 638.4
29881 319.4
118788 938.1
9411 291.7
5167 161.1
387646 106.6
79832 560.7
51135 826.7
79864 NaN
55770 1106.4
128553 26.6
133522 83.2
54845 645.3
3036 407.5
8567 980.2
26251 16.8
7450 704.3
6331 329.4
80063 140.5
51393 20.7
4067 1470.8
9100 864.9
23506 251.5
22852 136.1
6718 351.2
100499483 NaN
259292 NaN
79012 1106.0
5146 1.1
9260 454.8
5178 347.3
11325 517.5
58484 120.5
55959 74.8
23657 540.7
29894 999.6
7185 1018.0
84133 NaN
3075 182.5
5354 559.0
9500 544.1
55732 NaN
81786 22.5
93663 647.6
9068 50.9
57539 69.8
643314 NaN
1954 293.5
55160 26.9
27013 63.9
94015 33.7
63943 308.0
3891 366.6
57113 23.5
200403 NaN
84692 NaN
26094 445.5
51809 60.2
717 730.8
239 77.9
8924 283.5
84628 72.8
8443 219.7
271 514.9
840 1044.5
3619 411.8
84928 NaN
6278 277.1
9181 500.6
747 237.4
3633 189.8
9732 657.0
10462 819.7
341350 70.6
2346 464.3
91452 31.9
133482 NaN
4926 720.1
3313 1432.8
9787 837.2
5298 825.5
4649 1125.4
6712 536.4
2634 1029.9
23120 NaN
79705 534.2
24148 1067.4
201305 228.1
7772 NaN
256646 NaN
54885 545.9
390142 NaN
7139 781.3
79414 105.8
7802 319.8
3681 103.3
93233 NaN
3675 785.4
55628 NaN
4147 351.2
51534 971.7
91862 197.1
25976 110.4
55290 977.9
10180 106.0
345079 83.1
252983 258.1
8019 828.6
3697 176.2
79740 208.4
1439 1052.9
79788 603.5
1840 579.0
28461 NaN
55717 55.3
81671 868.1
4185 11.6
4217 1209.3
54906 NaN
152273 30.8
1663 781.0
59343 193.5
219952 6.0
3690 913.7
10075 1177.7
22859 300.9
320 810.3
254268 NaN
65268 481.5
84249 245.7
1915 1772.1
118738 230.4
2011 1076.2
4110 177.8
79915 774.7
90332 112.5
8404 740.2
378807 NaN
145483 114.5
114824 NaN
23143 409.6
57468 220.2
6259 748.2
316 211.3
6335 131.5
57648 601.4
1627 369.9
10645 1071.8
416 88.7
636 329.5
8888 453.7
23223 1236.7
84905 157.1
2890 722.4
9108 1.5
9055 1004.4
83639 167.6
89796 679.5
90956 182.5
7112 749.4
11013 NaN
23035 665.8
257062 NaN
146540 154.4
64127 135.1
54465 NaN
91351 NaN
120065 NaN
4301 799.7
7448 1056.6
3886 217.3
57140 418.0
79990 139.3
55667 31.8
5592 1054.0
8437 617.1
23516 39.4
28388 NaN
55030 173.2
284403 609.9
1785 801.0
1801 1238.7
9928 240.0
55171 286.0
10125 415.3
959 145.3
8170 81.0
5069 381.3
26 31.9
4152 416.3
7109 375.8
25813 689.4
114770 NaN
139422 10.4
8366 1475.7
91107 64.9
64430 324.5
54187 206.0
220164 222.3
3312 2033.8
9099 416.4
1281 1047.3
284443 578.5
3064 916.2
401250 NaN
11260 1067.2
9213 401.5
7178 857.6
60468 1158.5
79671 9.9
79802 12.9
5179 5.8
137964 134.1
60676 204.3
116369 127.1
1729 1420.8
9909 NaN
5795 595.0
1401 271.8
146862 376.0
1553 29.7
9725 40.8
7490 734.4
3688 1190.8
3704 861.2
6489 0.2
22897 178.2
131450 100.2
8661 1108.8
56145 NaN
5518 1550.0
7049 781.7
51752 356.3
7161 775.5
2592 879.0
152789 663.5
23617 622.3
259295 1010.0
3163 266.8
23729 351.5
56129 NaN
7369 119.4
1258 714.9
168544 194.2
3309 1752.1
9448 1048.6
22906 314.2
29953 136.8
203074 NaN
23767 41.0
57597 NaN
160335 131.5
2875 431.4
3645 1347.2
2555 52.8
410 276.9
63925 352.6
9061 895.2
65059 477.8
4552 153.9
6601 1473.9
5165 470.1
2912 249.8
23025 732.1
4851 1471.4
23258 271.1
3501 NaN
85461 606.8
643664 NaN
1103 450.0
27340 1091.4
200162 465.6
91584 79.0
4776 854.1
79001 769.3
123606 11.1
23130 57.9
9369 290.1
27152 69.1
372 792.7
3172 677.1
1316 973.7
136895 NaN
3071 1004.3
116092 183.4
89782 1.7
343641 11.3
54812 293.6
7757 611.3
3679 450.2
5510 883.1
5775 387.7
7094 625.4
116443 236.3
81617 423.2
7701 79.4
6894 671.5
6733 965.9
23019 971.0
3383 751.3
10555 396.0
5903 1044.2
26230 415.5
5676 NaN
1284 994.5
114548 47.5
343505 NaN
317781 969.3
9666 273.6
85015 240.5
390883 NaN
29978 856.1
28227 330.1
401024 NaN
7030 1003.3
91074 269.6
5798 1251.7
56776 301.2
84636 NaN
83596 9.9
23584 8.2
51735 266.0
27286 337.5
9904 998.8
10082 447.4
84078 142.4
3791 1059.1
81619 13.7
10848 257.0
9639 NaN
1780 652.4
55966 77.9
64170 138.6
120892 433.5
23 104.9
3717 1229.6
9914 752.4
27352 83.8
84700 259.4
147409 NaN
23461 195.0
23310 386.9
5601 1379.7
6621 121.1
3991 447.0
117532 1.9
55164 272.3
377677 183.7
387129 NaN
10025 89.0
143458 23.5
10299 227.3
64219 72.9
114798 92.6
10609 154.5
22863 108.9
324 1013.1
9578 773.0
4772 569.0
403313 69.4
51517 328.6
22 358.0
4100 162.3
4036 939.5
23424 111.5
124274 67.1
92291 NaN
8218 1062.8
22981 362.8
7373 549.2
53918 636.0
149647 NaN
200312 NaN
8832 112.0
10451 855.5
8816 399.7
222487 28.7
1278 1380.4
10769 983.0
27161 1107.9
1310 NaN
254552 450.2
340578 NaN
55183 681.5
8994 79.7
9681 533.2
9290 2.6
138311 NaN
7173 470.5
10401 689.4
23613 513.9
9825 32.9
728215 NaN
148 128.8
347527 7.0
58506 383.9
63035 132.0
6263 255.5
79368 288.9
10057 334.0
1837 515.1
6311 1040.0
261729 114.7
6397 995.3
7093 282.0
2245 181.4
3503 NaN
151790 412.9
55191 326.9
10137 220.1
85415 566.3
4342 885.2
11107 124.0
55135 502.0
4012 448.9
6999 149.2
10497 881.2
57608 NaN
23383 126.0
124751 NaN
2703 23.9
4053 321.8
4700 499.6
23452 766.5
65989 95.7
8563 255.3
27128 979.2
10930 5.9
2132 174.6
26167 10.2
390429 NaN
23317 540.2
8029 894.1
4439 865.0
2550 562.4
10994 279.8
56125 NaN
22876 347.3
65981 121.1
84172 1390.1
57215 129.6
83756 9.5
5295 1239.4
25791 166.6
27299 307.4
94121 146.8
8467 1287.8
4647 855.9
4993 NaN
101 564.0
55582 285.4
219959 NaN
654 592.8
2580 839.4
79173 44.6
11186 469.6
22894 1275.1
11083 194.8
89845 151.7
4599 739.6
448834 NaN
7216 440.8
2863 7.7
80724 95.0
57644 182.8
9937 709.5
390212 155.6
90249 113.7
151887 636.7
55818 457.6
23583 189.8
57168 8.5
23284 110.8
1066 285.4
23114 521.5
874 171.0
23409 150.2
272 320.6
4675 737.2
7047 111.9
64421 377.6
9150 634.7
348932 178.6
119710 NaN
150483 27.3
79683 1049.1
10079 253.8
80243 547.7
5927 607.4
5062 1474.3
3099 1034.4
147929 441.8
283450 170.0
8500 846.2
57613 382.0
116285 104.1
219482 4.2
390436 7.3
57689 259.2
337 217.8
54576 157.8
7367 492.1
55610 7.5
8532 375.0
137682 105.3
55643 414.2
22794 1110.7
7545 500.9
26038 436.4
285349 362.6
1557 150.7
79058 157.9
5334 614.3
56992 1095.6
5801 572.2
54414 NaN
10576 1274.1
26281 515.4
3227 NaN
11329 1292.9
400569 643.4
3748 299.7
3802 33.4
5336 1087.1
128859 31.2
54843 791.1
3700 789.6
165082 17.4
23647 323.4
3684 725.5
9919 145.7
25862 179.2
440051 37.1
65985 475.5
80162 352.5
55351 583.1
132625 30.5
11108 62.7
63893 101.1
57529 3.8
197407 170.3
10371 334.4
136051 170.3
26747 313.2
23231 58.8
80317 511.4
120935 103.2
79837 37.8
84079 492.5
80333 997.8
2260 1464.8
213 330.3
254048 NaN
833 711.2
131873 NaN
23263 788.9
55681 601.9
114836 100.8
23167 408.0
84140 34.1
10293 353.4
284948 NaN
154 619.6
51477 1270.0
90362 1.7
10457 723.8
6310 1149.0
4340 14.9
5091 805.7
123016 627.4
57513 95.4
28964 700.8
6441 135.6
8392 5.0
214 464.5
57670 NaN
200916 NaN
4600 531.5
6239 330.4
92 1169.0
53904 840.9
55247 423.1
4739 550.7
116985 12.6
55367 151.1
51133 56.8
94120 33.5
94104 600.8
229 473.4
56111 NaN
4126 158.6
79810 26.6
144108 270.1
55303 350.9
6738 495.0
2859 67.1
11057 372.7
80274 94.9
23178 880.9
634 469.4
92235 200.7
55295 69.9
140807 NaN
23041 177.4
340706 37.2
538 316.2
643803 NaN
170063 NaN
90678 130.0
2619 926.1
10291 1233.5
4103 162.0
129049 NaN
2071 1097.5
10240 261.4
400258 NaN
10948 131.1
119467 NaN
10916 444.4
22907 286.6
2192 988.7
5608 689.2
9648 585.7
149954 337.8
55760 NaN
54497 30.6
9057 159.2
53347 91.7
400935 NaN
23101 993.2
56126 NaN
92797 224.7
2868 537.8
4617 550.4
6950 1322.2
1184 550.2
392335 NaN
6934 992.5
56128 NaN
7767 523.9
115352 143.1
3685 959.9
27030 449.1
3329 1587.8
3361 1.7
5638 27.7
1488 913.5
57591 377.2
80818 443.4
9728 228.9
4690 1118.4
85417 787.3
11152 600.2
6424 528.6
6668 374.1
11120 28.8
5442 88.9
4999 1058.5
25900 152.2
51554 59.9
6504 232.7
23131 422.4
51692 1119.8
27229 182.0
23043 763.0
136306 23.3
7267 300.3
340595 118.5
23166 54.2
219965 NaN
256957 NaN
3098 773.8
629 841.5
375719 NaN
2870 907.0
2801 387.5
23536 94.9
5161 616.5
56288 881.7
7048 1373.5
56203 181.2
131669 50.8
923 168.5
9984 313.1
6710 548.9
5894 1689.4
146050 242.9
2794 1194.3
4729 584.6
58487 350.6
8831 356.8
283777 NaN
5241 450.3
6870 3.4
1104 1188.8
7288 18.9
27320 NaN
8863 485.7
23216 402.6
148109 NaN
144406 NaN
84674 161.9
2564 850.7
2762 182.3
51520 1085.6
55809 503.2
5074 269.6
56267 281.0
220929 15.5
9153 16.4
8405 740.1
55867 206.3
29930 NaN
153642 6.8
431705 32.3
1268 103.6
83650 78.2
54849 NaN
4308 246.8
30011 1151.4
81929 1093.3
399814 112.3
403278 NaN
56848 387.4
9743 631.7
80343 NaN
81847 303.8
9711 NaN
84441 124.8
84376 152.8
51010 511.5
347516 95.3
644768 NaN
283870 NaN
146183 NaN
22926 527.6
63898 168.6
10452 1242.8
9742 607.8
80070 362.2
54800 158.3
57533 22.6
65061 710.8
8325 365.5
386678 262.3
26025 NaN
9823 20.5
10324 52.2
9790 1026.3
3674 815.6
140894 36.3
155038 292.6
51256 479.9
3915 209.5
79139 331.7
56606 574.5
441442 NaN
5778 865.6
25959 324.6
138883 NaN
283985 40.0
387032 173.7
51283 168.1
51298 47.6
10350 117.6
3123 688.6
5239 668.2
150572 372.7
9600 240.6
23518 449.5
117289 551.3
1428 32.6
7110 627.0
1584 147.0
80834 8.8
55344 181.2
57019 68.0
7422 783.8
10174 933.4
152015 246.6
25865 722.6
22828 89.0
100129259 NaN
348013 NaN
1856 1005.1
9457 312.8
57147 103.7
4043 213.1
9940 35.0
161003 460.2
25833 471.5
728294 341.4
51773 296.0
2058 1441.4
64900 6.6
126326 193.0
1776 132.5
6249 308.7
3030 781.4
7170 1159.3
219429 NaN
2166 786.7
158293 71.2
83594 352.5
9814 83.2
51111 252.2
8828 153.1
10893 386.3
8688 12.1
103 523.9
7761 475.9
64215 344.6
392636 64.3
10973 677.6
55591 103.7
1602 957.4
4842 697.4
114783 204.7
267002 NaN
90187 148.1
3635 876.2
11037 528.0
1586 58.2
114132 185.3
119 685.7
346606 121.7
339366 189.8
169792 521.6
139249 NaN
51132 213.3
8412 606.0
8161 689.3
219855 19.3
344320 NaN
55192 642.3
3939 1323.2
1890 479.0
8001 330.9
148811 752.6
6667 1432.1
4522 1380.3
7520 1573.3
30968 899.1
123099 110.7
30061 112.0
6340 1045.6
57828 NaN
488 1411.1
3811 275.6
246176 28.0
91694 632.7
2070 824.4
54537 343.6
22844 187.9
196441 391.2
64599 183.9
359948 706.6
81029 398.6
388939 NaN
58516 499.0
137012 NaN
55084 85.5
5306 242.4
9863 1719.3
255631 19.7
57037 182.1
5136 242.8
5338 693.8
50859 82.9
388325 NaN
3305 1382.0
286365 57.5
7403 1089.4
5873 942.7
3321 451.9
7419 1034.4
29958 507.0
58510 26.0
1080 1153.1
140775 NaN
50506 613.1
79856 340.4
55276 325.7
64423 238.3
5034 1544.1
642475 NaN
3475 755.4
84073 85.8
140678 NaN
1362 484.7
50651 NaN
7099 574.8
3554 859.2
26538 252.1
54210 42.6
29964 951.2
54504 614.6
55180 88.0
11277 558.5
56339 363.1
283848 15.2
91156 30.5
333926 326.9
284680 NaN
26986 1839.5
54892 838.0
9159 864.8
2886 592.3
55609 NaN
51311 296.4
8727 360.0
1463 248.0
2914 194.7
23139 783.0
9699 970.1
123775 28.2
3590 61.2
7700 518.7
1559 178.6
2822 279.0
63948 219.6
727 561.3
23244 606.7
84890 240.2
79441 59.3
79041 NaN
4725 628.6
11190 481.0
23132 470.4
26267 NaN
56140 NaN
9043 647.2
64092 865.4
56204 276.3
2998 591.2
144165 349.6
91147 18.5
11030 762.5
2982 119.5
441376 NaN
6960 NaN
1063 1252.7
285368 49.0
7060 40.6
126074 NaN
4929 283.5
219960 NaN
3238 229.1
887 17.1
144577 NaN
254783 NaN
871 1023.5
8871 1061.0
3270 548.1
23144 222.3
25819 144.9
9907 298.5
55624 NaN
124602 412.6
392140 NaN
2039 961.0
3122 933.5
221188 16.3
80352 114.2
163 1095.4
55756 157.6
83985 282.2
29113 3.7
6256 1107.0
79919 23.8
6580 95.5
6564 532.4
1123 275.5
374868 377.6
79029 216.7
10294 1326.7
54457 552.5
197335 419.1
10278 217.8
6299 719.0
55720 1277.7
391196 5.0
51566 492.3
10211 483.1
23036 NaN
4054 580.1
1847 388.6
8471 496.3
57761 766.3
150094 787.4
8439 674.7
28426 NaN
170960 362.6
89884 300.1
23207 NaN
55852 486.5
83759 152.0
57148 389.9
211 953.5
284904 1095.8
4629 1104.9
55133 227.0
440193 402.8
51726 478.6
94122 129.2
154664 0.1
83903 NaN
79809 511.0
10195 759.7
5104 388.8
5921 978.6
84541 68.0
85456 837.2
78991 110.6
9389 132.8
222389 74.2
9437 51.6
55051 37.8
23373 731.2
29943 NaN
838 984.4
84767 153.0
442038 49.3
2357 1189.2
758 69.5
79167 NaN
150864 NaN
124245 6.7
23261 116.4
2775 1460.6
339324 NaN
56890 NaN
338557 75.3
3480 1594.8
23245 41.2
5651 204.6
4948 74.2
403253 6.0
57592 NaN
7082 763.1
57512 445.2
9037 353.9
59341 299.1
51129 332.0
4987 64.0
84959 341.4
350383 NaN
7066 97.9
353189 NaN
2984 391.6
9149 883.4
1857 960.0
119692 128.0
8368 1454.6
8384 NaN
9074 25.9
158724 NaN
57162 191.7
222229 20.4
390167 NaN
3096 218.8
9261 930.3
4804 735.8
9701 783.4
5108 312.6
27291 NaN
5899 419.0
7994 1262.9
150696 212.7
55107 297.3
338323 226.3
79695 218.6
63979 490.1
9365 389.6
58509 72.0
5251 34.0
57186 15.3
5995 23.7
51057 148.7
219447 56.2
10753 224.7
79759 201.0
119180 36.1
29775 540.1
57722 13.4
100506658 NaN
51317 699.6
285231 NaN
58 1472.6
63897 362.7
3848 505.2
28420 NaN
9869 409.5
91653 370.1
56112 NaN
4756 681.1
23133 166.9
53836 NaN
54899 329.1
4644 1100.7
79874 261.4
1297 220.3
7730 420.2
7124 604.8
89858 277.2
5787 506.5
3752 60.7
6519 604.3
54507 243.8
171017 79.5
140469 580.1
196996 112.7
200931 200.8
6581 157.4
10659 906.9
9202 740.5
11052 740.1
403239 NaN
282618 4.8
54914 5.1
64061 267.1
163479 NaN
23081 279.3
5834 619.2
8877 452.7
8726 570.7
116496 372.7
27151 119.2
1816 57.6
55074 376.6
26058 593.4
23001 21.1
10060 123.3
79710 288.7
23046 718.9
6561 710.3
59284 63.1
153020 36.6
79733 567.9
26532 22.7
51136 245.3
4041 451.6
23113 173.2
386676 262.3
23145 NaN
2803 717.7
1638 535.2
347051 142.7
9126 1713.8
83755 382.9
163223 421.5
57144 672.6
55622 937.3
54828 624.6
26036 343.8
10999 447.4
10903 42.3
3673 841.8
83440 292.8
9724 982.1
23177 11.8
7707 413.4
167465 124.9
339501 NaN
3091 910.6
9788 179.1
1608 276.4
126549 101.6
79838 2.0
10551 264.4
119587 650.2
3431 511.8
84464 NaN
55423 166.9
79956 246.4
170506 700.1
341152 NaN
114 576.4
23520 482.4
51291 1069.3
51760 114.5
284729 NaN
221336 NaN
18 945.6
10844 173.2
84125 380.6
145173 89.7
8829 515.1
23250 274.2
2776 1110.0
729 180.5
168667 130.0
158763 2.2
84720 301.4
2213 1277.1
54476 178.6
163033 9.1
23208 381.6
10492 1496.4
7525 1232.0
51195 29.0
4171 1468.0
64857 187.3
79168 NaN
28682 NaN
290 961.9
79152 1022.7
80110 362.6
442444 1.2
157956 NaN
79072 23.6
57605 246.8
2323 28.2
127255 298.3
64761 673.9
51451 489.8
84203 617.7
57448 399.2
1270 189.9
6538 4.5
53358 382.9
80129 225.6
133121 32.6
285527 137.1
54836 307.0
8394 856.8
65057 213.7
221937 456.3
575 282.2
9770 558.1
51351 421.5
27201 121.7
51750 426.9
11099 442.8
9675 79.3
219493 NaN
2159 589.0
3695 1184.6
3550 421.8
169166 NaN
51605 1008.6
2828 5.5
137886 29.7
92521 179.3
219453 NaN
170527 NaN
27328 NaN
147798 94.2
342933 NaN
4143 1432.8
8233 130.0
137902 34.0
286753 NaN
1917 1592.0
26018 269.7
8458 1099.5
150709 147.4
6862 30.6
9368 658.9
752 833.5
162514 173.9
122042 27.3
9738 222.8
22954 83.0
26130 779.5
6253 775.9
30817 103.2
415 157.2
7503 NaN
29986 122.0
85285 9.2
51077 651.5
5934 1009.2
25904 221.3
2525 443.6
8664 1407.1
122742 NaN
57109 1015.4
28513 77.7
56262 187.1
8030 328.8
54625 810.5
442185 NaN
11004 708.2
51669 328.2
63923 73.3
89941 607.3
492 581.5
1758 227.5
6942 219.4
348180 416.1
54490 162.6
10331 198.3
6046 907.7
4605 1231.4
3293 513.6
161424 837.8
26659 5.6
115557 187.3
479 247.1
9819 151.7
23414 344.6
203228 217.4
10714 557.8
3775 1025.6
54980 NaN
5998 464.3
3949 465.8
89797 688.6
80217 NaN
23191 408.4
84612 815.4
173 29.5
57697 726.0
57713 149.8
23380 420.5
344758 NaN
257106 323.6
84148 346.5
283316 344.2
6318 347.6
23367 1041.8
23541 1032.7
8874 760.8
3069 1423.7
375449 136.2
84631 265.9
10891 549.8
23351 21.0
146057 797.9
199870 54.2
197358 237.3
100526835 NaN
204474 130.8
23493 239.5
862 618.8
3006 523.5
348980 142.3
116935 NaN
23431 111.4
57633 62.9
7103 369.9
326624 169.4
84775 551.6
338699 106.9
11209 NaN
2847 20.9
8986 744.2
9211 5.1
84951 180.0
3070 677.4
113174 111.8
345062 NaN
10392 334.3
23157 443.2
4716 686.4
85302 26.0
8313 200.2
400668 NaN
109 133.7
340075 41.5
64240 3.6
525 314.3
201232 764.0
6238 364.7
4829 13.1
10859 828.5
23247 12.8
29072 813.7
127059 NaN
23126 97.3
9498 57.6
115399 584.2
23158 107.2
84678 259.0
6924 899.9
80329 101.4
125 116.1
5308 1142.6
113451 308.3
136332 1155.5
56103 NaN
55734 553.1
25827 1097.1
474344 28.4
54053 NaN
54436 NaN
2559 5.4
6653 444.8
84455 NaN
478 1250.9
8666 1212.5
51700 657.8
90864 2.3
25778 558.2
285877 NaN
55014 254.1
30833 43.5
58513 624.7
7582 581.1
1612 716.1
3757 723.1
154197 36.5
84515 589.2
127 785.3
64866 153.9
2334 563.2
374378 53.4
10154 82.9
2078 520.3
3725 1524.3
113000 253.9
1404 116.2
6527 35.4
79752 481.3
55655 565.9
158880 424.1
221472 92.4
9817 264.5
23590 234.5
283687 NaN
55236 109.9
85444 175.0
1982 493.1
5727 1115.8
3838 1359.3
25777 728.6
7932 NaN
1629 360.8
57124 119.2
22919 1276.3
55508 63.9
3276 1549.4
3741 358.7
1261 700.7
56983 NaN
1277 1134.1
7278 1462.5
55684 50.0
79611 96.7
8347 1318.2
6559 444.1
1149 7.6
55300 369.7
55109 1086.2
3836 1284.4
11272 7.6
9497 839.2
4886 281.7
6535 113.3
5452 644.9
6326 499.1
117248 217.6
55778 NaN
836 1345.4
51673 161.9
137994 19.5
11073 966.6
84765 364.4
65123 121.3
91179 116.5
9024 1139.0
56127 NaN
55332 571.9
84179 34.0
57583 NaN
10486 788.6
139760 NaN
56159 342.9
23042 280.1
8621 1065.2
51533 50.9
154007 7.9
10479 894.4
9136 1135.0
145645 NaN
2981 15.7
84893 355.8
55605 33.6
201595 1059.4
80228 122.1
6368 192.9
141 149.1
57496 595.0
23439 20.6
338785 191.5
4891 344.8
1358 181.7
339291 NaN
2258 526.8
94241 148.0
4854 696.1
4353 261.4
55810 NaN
3327 NaN
2219 850.9
55640 780.1
10383 1420.8
8487 600.2
64753 162.1
2677 106.2
6222 1456.8
83990 432.8
2696 17.2
23266 101.6
649 804.8
55366 80.6
115196 421.6
645432 73.6
4678 1241.6
145482 374.4
84330 873.1
6850 1460.5
27145 120.2
23218 NaN
137735 104.1
348654 8.1
8893 1049.4
4811 838.5
1262 109.1
2664 684.2
2709 2.6
90853 138.1
10360 24.5
27156 392.8
123624 267.5
2824 672.7
6698 69.6
338321 280.9
92359 184.0
653509 NaN
259 883.2
57526 1.6
29904 546.9
25906 NaN
51379 90.3
51300 305.6
196883 75.2
6890 715.7
30818 158.5
84941 26.4
23215 826.0
93 1246.7
676 578.7
3295 934.5
51661 283.3
728858 NaN
57701 NaN
729131 NaN
55362 124.1
9744 239.1
286223 NaN
11211 194.6
57337 26.7
51194 601.3
256979 383.6
55346 395.6
286207 NaN
26088 463.4
2050 997.8
57475 487.6
19 793.1
388569 362.7
54854 NaN
130507 55.2
389207 NaN
29028 1226.5
2676 183.3
5542 90.9
91544 310.5
105 376.3
84080 NaN
134549 41.8
125058 385.3
222584 0.4
7543 61.8
2268 1286.5
2072 1225.9
57535 96.1
138799 NaN
1796 742.5
5878 967.5
2911 347.9
3977 533.4
284382 184.7
5293 1132.2
118461 NaN
112574 298.2
8425 159.1
11131 237.6
245711 77.9
219578 NaN
118429 676.1
374872 NaN
139105 32.6
55526 697.4
5004 96.7
132724 100.6
10102 1056.4
5596 678.4
9840 NaN
5036 1482.4
388649 NaN
79812 322.6
149466 NaN
1572 60.1
11259 831.2
1380 586.8
7511 706.3
440452 NaN
53349 12.9
2220 1037.8
3073 156.0
4189 592.8
22834 130.4
84275 387.6
9816 143.8
8509 253.3
4255 448.2
5190 613.8
3141 621.6
4209 597.2
2194 992.4
55808 1.7
8343 1289.0
4173 1359.1
2155 199.0
22801 68.5
5142 770.6
8557 126.5
10422 246.4
23567 15.9
23551 686.7
6522 83.9
3061 3.5
256144 NaN
221477 NaN
22818 673.5
2130 987.3
347733 1330.3
85293 NaN
90293 59.0
23589 324.0
9472 312.8
164312 NaN
4221 627.5
217 816.4
4287 372.7
7415 1442.7
9456 406.7
132158 109.7
440574 923.8
54478 369.7
3661 548.8
35 220.2
22821 692.8
57521 334.2
4161 4.6
29882 848.8
4363 499.0
23637 581.1
1188 76.0
140893 NaN
55260 19.3
9360 829.5
55656 231.7
873 789.5
115004 NaN
221496 185.1
22938 1359.7
7546 653.5
26290 89.5
4753 391.7
6446 1474.1
200424 NaN
79317 6.3
165257 17.6
9896 290.3
140685 148.8
51073 956.9
81790 645.4
8125 1061.0
57419 23.0
5836 1094.3
6756 650.0
26037 349.3
139599 7.3
10934 721.8
5537 1232.9
128866 706.0
7626 175.1
5579 1566.6
145946 NaN
23335 631.6
5521 1206.0
3560 704.8
10886 4.8
25973 766.5
388468 NaN
140871 NaN
91807 625.7
28318 NaN
204801 82.2
81556 157.2
3981 933.8
9831 NaN
3682 291.4
54579 157.9
81492 36.5
26191 277.8
161357 198.0
56904 69.3
152185 30.6
85360 NaN
196483 554.4
56888 361.0
9783 43.5
9767 NaN
80835 10.9
1571 71.7
142684 28.3
1539 47.6
128674 NaN
3570 307.1
130540 6.5
56999 592.6
25999 353.5
93550 105.1
26338 NaN
388931 174.7
28449 NaN
1820 461.5
390269 NaN
3720 896.1
1838 1262.9
7818 869.4
144501 NaN
56136 NaN
54361 869.8
81566 66.4
7184 890.9
2898 511.1
89778 218.1
28452 NaN
3026 171.0
9047 250.8
79567 166.5
3821 125.7
149233 56.2
403273 NaN
153572 289.9
64412 770.3
9960 162.6
915 719.7
144245 17.9
23400 337.9
1187 314.1
386677 273.6
646658 NaN
5675 2.2
9962 760.4
54617 1019.8
10077 420.3
1363 1141.3
64220 119.4
83473 427.1
57143 317.6
171546 363.7
55094 134.9
8935 196.8
55028 NaN
1315 1359.1
79624 364.6
79658 602.4
1299 531.6
64780 501.3
23304 672.5
1740 1917.7
1806 1430.0
3314 NaN
65094 127.3
64284 241.2
157570 208.9
400986 NaN
5313 1581.8
9821 492.0
341640 NaN
54531 56.0
83394 28.0
10232 40.0
55345 NaN
80003 47.8
63916 753.5
7098 482.1
10234 429.1
647288 NaN
22984 359.3
4214 NaN
84077 NaN
170954 NaN
6640 598.6
8288 394.9
4593 745.0
26240 40.0
7130 575.7
79955 NaN
55800 33.8
378925 NaN
127018 44.1
391195 NaN
127002 51.7
7162 176.1
5660 345.8
81932 568.4
27134 288.2
4609 1494.5
26098 14.3
2107 1445.9
64518 23.9
51421 233.5
445815 77.4
219970 NaN
6528 62.6
64326 360.7
386672 262.4
55704 496.0
219986 NaN
387104 97.0
26873 11.7
55156 780.8
51284 176.4
4326 518.1
2936 688.6
169436 542.4
221400 31.1
147660 NaN
7050 471.2
11148 40.4
4168 225.0
9101 1010.1
155061 204.0
349075 170.4
196 932.6
50837 NaN
1486 56.6
9117 162.0
90120 NaN
2562 780.2
9880 3.8
7936 410.6
7306 551.9
151354 154.5
91746 229.9
149473 88.2
3240 157.5
5291 995.9
57096 8.1
1209 970.4
23096 NaN
6720 776.4
1795 602.4
4673 1412.0
57221 NaN
57192 142.4
6752 97.1
28414 NaN
65244 2.4
255189 0.6
9927 415.2
3778 495.7
284390 4.5
8807 463.8
29927 1266.5
83876 NaN
9895 3.4
5793 268.3
24149 83.5
284521 NaN
401375 NaN
59344 19.7
10 501.4
55297 32.5
2041 893.7
79834 NaN
100132386 NaN
55289 75.7
51738 9.2
55273 90.5
221143 319.9
51163 668.8
139411 29.3
5163 576.5
6094 671.4
124783 NaN
51343 1232.7
390199 NaN
255919 93.7
64582 244.4
79861 173.4
7274 124.9
55177 182.8
547 724.8
115825 370.7
389677 289.7
340533 NaN
22941 303.1
5994 358.0
79722 286.7
57187 708.6
9987 374.2
390072 0
494551 NaN
171024 162.8
79633 373.8
3004 NaN
160728 151.2
79739 8.0
84991 155.1
998 1312.1
100529144 NaN
5055 362.7
10641 439.6
390083 NaN
353274 176.7
23469 208.1
10019 671.0
2935 1402.2
7988 NaN
1949 603.3
23389 638.9
2903 486.6
9026 1160.3
5957 131.9
4916 786.0
113457 747.8
23341 366.8
5973 117.2
1981 1377.2
25989 NaN
1997 491.8
166647 261.7
150468 200.7
23013 1112.9
51157 10.5
7461 231.6
81706 893.4
29944 128.2
25850 653.8
1591 500.8
5685 1293.2
7732 45.4
30008 363.0
54973 478.1
23542 973.6
644637 NaN
79184 235.3
9993 29.0
81696 NaN
286204 116.6
1607 32.8
79088 470.4
54861 752.9
163049 504.5
23350 883.9
7764 593.0
202559 400.4
5316 62.8
89122 371.2
9394 132.7
9177 NaN
23510 9.6
1142 NaN
388960 NaN
9891 970.1
1901 617.9
5071 595.4
55884 256.4
8914 677.2
400757 NaN
4436 1338.3
22829 602.1
10381 1290.0
10563 104.8
260425 1699.7
51535 193.9
135228 285.5
54103 27.4
63977 18.6
79913 123.1
6565 700.3
4863 321.6
94240 262.1
438 13.6
55331 915.3
28968 128.0
2327 400.8
4927 668.8
84239 350.5
57610 310.8
6389 1062.1
79639 28.6
22807 771.2
729330 21.2
56102 NaN
8396 132.8
2263 1243.9
6357 106.7
4314 209.9
112849 109.9
4204 332.0
6926 471.2
158373 NaN
4122 83.7
11079 749.6
662 172.4
256051 362.7
51807 1271.3
6773 585.9
10179 469.7
909 149.6
10233 732.5
23197 245.0
11112 960.5
91252 422.7
23446 646.8
26523 426.2
4076 328.1
678 888.5
26507 218.6
582 5.2
11144 766.7
55869 448.8
23430 0.8
113201 121.3
6117 1522.1
148014 NaN
151556 71.8
51199 603.6
51207 172.5
6677 NaN
55805 118.2
8204 535.9
6645 539.4
79887 309.4
23369 381.6
55714 68.9
128360 NaN
391211 NaN
2199 971.6
123803 457.0
53405 250.7
9139 330.6
23468 825.1
377007 68.5
5029 291.3
8403 80.8
3516 863.5
254827 563.7
8419 0.3
57579 NaN
51438 10.6
7342 223.5
11138 623.2
23420 1073.1
151 294.5
8323 564.5
10370 203.4
7108 936.9
79968 518.7
51294 NaN
55388 650.8
3228 208.7
90203 31.7
374864 23.1
5631 1047.1
7140 489.2
151613 343.5
283629 622.8
204851 1430.9
1031 734.1
160777 NaN
79291 NaN
51454 585.9
10274 388.7
3308 1425.8
5471 1143.1
133558 185.7
65975 579.3
54986 NaN
10690 NaN
375248 41.3
90338 565.3
390323 NaN
5423 453.6
695 1064.1
65220 441.4
535 1167.0
6692 302.3
92714 68.5
135941 NaN
203430 118.6
729475 NaN
282973 NaN
84766 66.9
6948 318.2
6484 185.5
8531 1295.6
84302 339.4
6452 464.2
11074 8.9
7374 665.6
839 457.4
64328 366.9
114991 18.0
25793 54.5
56156 NaN
4133 576.5
118813 61.2
89846 25.0
83605 494.5
56652 280.4
3398 519.7
3655 735.3
54860 1.6
24141 427.1
3687 612.8
26234 78.8
259289 NaN
6663 992.7
54903 92.4
347468 NaN
5796 507.4
284348 19.8
54988 291.0
284013 180.1
114815 711.1
9603 609.2
26333 11.8
1431 1433.0
26122 315.5
56342 1390.4
206338 158.3
85012 548.1
286140 NaN
140739 147.4
85455 507.3
93627 822.1
5589 621.2
79595 80.5
93611 25.1
85407 48.9
9938 820.9
9970 772.0
23580 301.0
8165 947.4
55753 1006.9
403314 14.3
126859 13.0
7726 120.3
4023 281.2
120796 NaN
404093 76.9
55036 NaN
1565 90.4
160851 118.3
92154 5.7
3596 237.5
1133 58.8
94233 280.0
445582 40.3
5988 47.6
9363 72.7
79712 87.7
55132 1185.7
162968 362.7
143187 880.0
56476 NaN
100287647 NaN
55968 788.6
392360 60.5
5956 61.6
10050 NaN
84146 15.6
3895 787.6
353345 NaN
9427 77.6
51375 140.2
51473 146.4
360203 0.4
429 944.6
1352 453.1
55621 1113.0
84083 54.4
256536 9.0
9532 633.4
158248 878.2
63922 1150.7
84620 NaN
53828 1.5
23093 149.1
144638 NaN
54514 230.0
23061 742.0
338376 NaN
80298 33.2
66037 292.6
8689 52.2
121278 64.9
9618 438.7
257397 252.9
203190 553.9
8858 82.0
84364 464.0
6518 1120.2
29035 610.1
55646 825.9
4780 696.6
6829 1304.6
55630 48.3
27315 323.3
8497 54.6
352905 NaN
338879 34.1
219874 29.4
338440 84.6
6998 NaN
317705 NaN
6654 1024.3
119679 NaN
4607 301.7
119695 NaN
441391 NaN
5322 12.9
11309 849.8
2572 443.2
390059 NaN
55733 214.6
445372 14.0
23062 470.3
126069 362.7
134265 66.4
837 783.3
58500 495.0
462 345.3
821 1013.0
55798 524.0
9372 675.5
56110 NaN
54434 437.5
93349 NaN
493 710.8
11024 NaN
126133 24.1
127707 51.9
283111 5.0
23230 744.7
1496 693.1
8481 306.1
283159 4.4
7915 871.7
83900 65.9
84260 142.5
84343 781.9
55230 75.5
89780 314.9
4037 278.5
1768 NaN
91828 24.4
4069 1171.1
2036 468.1
1736 1666.0
374786 41.2
10256 483.0
79890 303.6
6430 892.6
5914 1040.6
128954 NaN
10160 140.5
89891 343.5
1832 774.1
2332 696.5
57139 212.5
84807 93.5
1848 675.0
10044 399.8
79682 817.5
57151 19.2
1828 47.2
89887 NaN
3929 197.6
5978 327.1
6166 1310.9
170302 144.3
130535 NaN
23237 7.8
139425 179.2
7739 201.1
80034 NaN
26148 11.1
23253 174.7
10906 34.0
84340 785.5
79906 47.4
116224 NaN
80114 146.2
4343 87.6
8449 197.1
147741 524.0
3561 831.2
133 536.7
8321 726.0
63826 1081.2
28795 NaN
9752 NaN
57465 38.5
54578 180.0
84076 793.5
54020 34.9
8289 804.3
112970 403.8
255394 407.0
147837 601.3
22854 26.2
10288 954.6
54946 121.4
4135 102.1
60437 NaN
11216 1008.8
6293 683.1
83741 74.8
116461 148.7
55023 746.1
283748 0.6
9969 644.9
7434 18.5
10001 911.2
84708 17.4
22888 225.2
55103 416.7
57570 975.2
55795 663.7
132949 325.0
57554 266.1
84167 NaN
3796 675.8
4650 395.2
84529 105.6
147138 252.1
9921 215.4
7862 307.1
55661 1151.3
5783 524.6
3716 1229.7
2649 207.8
8796 11.6
317701 NaN
28960 1071.6
399979 264.3
54847 NaN
162387 NaN
3636 716.2
84069 NaN
387267 247.7
284207 NaN
401546 NaN
2119 461.6
200844 NaN
80223 88.5
8540 13.5
6491 220.5
57684 176.6
23302 597.0
190 240.1
643394 152.2
134 338.0
8492 82.7
80017 603.5
8338 1366.7
127254 NaN
219285 654.0
10243 407.3
22915 248.1
57732 6.9
79843 NaN
221150 NaN
151516 174.2
51601 312.1
59353 NaN
408 820.8
6103 493.8
8604 95.5
147872 43.9
51149 NaN
10427 902.0
10161 901.0
283383 13.3
80169 NaN
139562 152.8
3081 482.7
494188 NaN
58505 832.2
10635 701.0
150684 79.6
100302212 NaN
400566 7.9
29883 866.1
5319 168.2
339184 NaN
4719 789.4
158931 3.7
5335 1222.2
7035 279.4
54495 182.4
5351 997.7
5255 349.3
58489 NaN
3188 909.3
51780 223.6
152687 675.8
80831 15.0
150465 415.8
125893 4.7
3017 1303.6
5159 1227.2
11280 4.7
84532 191.9
1000 700.4
7174 360.5
9196 319.0
23534 839.1
5095 906.2
23395 241.3
4938 276.0
390667 45.6
10936 821.6
100130190 NaN
1429 266.6
5527 809.0
84660 237.5
64922 8.4
49856 635.6
3508 83.9
29948 204.2
344752 2.5
254102 NaN
54751 651.9
3572 655.9
65018 622.1
9729 175.1
84295 NaN
3428 204.2
1349 760.7
205564 32.9
653 801.3
160518 434.3
8841 868.5
126248 243.2
10888 4.0
84769 NaN
54659 157.9
22885 727.4
7430 1223.7
1285 1074.8
140545 197.7
11069 447.1
83931 459.7
126767 NaN
51806 228.7
221981 NaN
85442 87.2
9695 655.0
23047 620.0
9348 335.7
6672 1181.4
54737 287.6
9679 NaN
79309 NaN
57217 147.9
51608 430.7
339855 162.7
9616 952.5
79772 30.4
79149 38.6
286128 NaN
90987 NaN
56062 127.9
66002 156.1
10761 NaN
7592 836.8
3696 193.9
390162 NaN
143279 279.4
11273 1071.3
9631 871.5
7299 673.5
132954 482.4
5827 685.9
94039 170.4
5896 158.7
56155 760.2
167691 125.9
79628 42.1
146956 386.7
57105 NaN
284161 325.8
5928 1520.2
83737 1354.4
5625 939.2
50937 172.7
65012 90.8
255798 NaN
79676 68.9
10046 57.7
347734 435.7
79591 52.3
124637 157.2
57050 1137.9
11321 672.6
3792 23.7
126668 56.4
222256 148.3
4622 1006.6
51271 8.3
79820 NaN
1004 13.1
7512 384.9
7554 279.2
51234 59.7
340970 NaN
7004 699.9
9573 47.3
9739 157.6
54602 57.2
988 1096.3
79190 277.7
56666 237.9
79932 64.3
5459 591.0
441670 NaN
374860 48.1
25917 616.7
9525 822.7
8287 576.5
7458 806.1
3360 4.3
30820 186.3
202658 NaN
9620 127.1
81318 6.1
6531 158.1
259294 NaN
1371 883.3
81448 NaN
26189 17.7
1280 440.6
5378 410.2
120379 77.2
59350 45.2
11066 221.1
138802 NaN
1020 1193.7
60685 315.9
25975 109.2
29966 595.7
64783 281.4
1296 652.9
283461 NaN
9208 156.2
7528 973.3
5394 1152.8
1521 62.5
10254 935.6
26061 815.8
54554 725.9
4121 220.9
5939 624.0
163589 21.6
51001 25.1
166785 508.3
80315 375.8
57534 704.8
6764 404.8
2670 676.5
80021 327.0
54438 20.0
64112 825.9
58528 396.1
8544 206.5
728748 NaN
7075 1002.2
26259 287.7
60561 76.4
27250 662.1
6591 356.0
3643 1591.4
81469 NaN
202865 NaN
4208 669.3
23483 686.1
639 191.8
192134 22.4
10327 1068.0
126129 29.6
54961 198.1
9806 460.4
56302 189.1
9951 100.3
4653 676.6
359845 322.1
126375 421.6
23355 42.4
199223 295.7
9646 777.0
54704 609.8
54101 804.4
2622 167.4
85443 NaN
258 149.7
26054 238.9
5576 1104.6
7625 543.6
242 51.9
6385 779.0
79324 NaN
57582 5.2
4320 338.0
9044 1106.7
84171 68.4
29106 170.8
56964 NaN
286336 NaN
79612 1263.3
7171 838.9
10165 28.7
286514 80.5
79767 493.0
90592 376.4
6035 671.4
79625 NaN
9918 313.4
26509 737.3
9236 92.9
55147 63.9
149095 NaN
2766 1016.7
9950 204.8
3626 128.4
57057 228.7
222950 0.2
126695 NaN
390190 76.2
55785 196.3
55131 1438.3
7718 151.1
10970 305.7
3920 519.9
56912 234.6
3739 477.8
347731 258.6
386675 269.9
2131 231.8
91734 180.7
960 1206.3
4176 1333.5
2115 642.4
57406 248.1
78999 57.1
10295 519.1
79925 605.3
124975 21.2
65125 1001.7
387103 791.1
140738 7.7
2 1286.9
65124 109.8
10922 27.8
1008 3.3
8178 664.3
5768 137.1
79847 NaN
56977 792.6
2017 1161.3
7768 602.6
7036 749.8
7464 408.8
23592 212.4
79081 83.0
28429 NaN
27148 1027.3
3857 311.8
143879 44.2
55066 428.5
9135 659.2
5341 1025.7
571 1098.6
23780 2.5
161582 207.2
342667 109.6
1263 778.6
9723 53.8
4878 37.6
57805 447.5
11017 140.3
93426 NaN
79097 54.9
23136 948.8
64100 13.9
63934 423.0
55130 225.8
55722 6.3
6002 732.7
4643 1259.7
523 336.5
5890 281.8
2570 256.4
56987 255.8
148137 NaN
115353 204.6
84632 16.2
9908 1483.6
8671 300.4
7292 102.6
3198 269.0
10884 387.9
1003 686.5
23162 603.3
828 314.3
404281 152.6
123879 168.8
2672 62.5
26035 162.9
80380 101.4
9956 48.7
646096 NaN
9643 941.9
246329 31.4
200734 390.6
283446 NaN
6792 902.0
651 219.5
196993 NaN
165215 1015.0
222537 135.1
344787 NaN
10212 1230.8
827 575.2
8353 1079.8
50487 18.2
8904 484.5
221927 NaN
57501 NaN
137362 331.9
282617 4.9
113452 140.6
28669 NaN
54629 20.9
2064 1592.0
23328 215.6
113 382.0
2160 404.8
6242 362.5
57464 9.4
4115 56.8
4163 767.7
158401 NaN
4323 371.9
134526 123.7
91683 59.2
10484 1031.7
140699 25.4
8549 304.1
441608 NaN
79750 118.9
26508 607.8
11118 4.9
1952 730.9
10148 117.8
25875 496.7
57661 NaN
2717 173.5
146712 81.0
84658 16.7
84818 56.2
2781 984.9
56000 525.2
80150 958.7
27334 298.2
64800 46.3
7564 670.4
29985 110.1
715 1278.6
1407 985.8
253012 23.6
11338 963.3
23620 59.8
29855 32.7
5634 981.3
9349 1449.9
55258 980.6
373863 NaN
9391 807.6
3242 947.7
3601 333.8
390081 45.0
9764 855.7
11332 33.5
1487 759.8
5257 283.2
8776 261.6
57862 16.0
3104 271.4
85016 NaN
10494 926.7
1147 1328.0
9221 1656.4
55568 245.8
23546 98.8
170575 NaN
23530 575.6
29893 156.9
26108 71.4
9189 105.9
3248 177.3
8434 233.8
128497 NaN
2170 212.3
50616 18.8
25853 434.7
1265 300.8
64750 862.9
64975 187.3
23460 56.6
201626 258.9
7416 1113.4
9429 401.5
286887 NaN
1259 1095.1
3306 1519.2
27185 1017.4
5602 1179.1
7644 652.1
5337 659.5
8760 696.8
91056 4.7
154810 85.2
3274 4.9
440023 13.6
11342 107.1
29109 312.3
259173 131.1
57719 NaN
353133 122.4
117608 423.8
29781 79.8
23588 327.1
55680 345.3
3118 80.1
1071 94.4
11092 50.2
54874 787.3
441420 NaN
9828 NaN
116328 NaN
146198 336.9
2832 0
11322 181.3
5746 142.9
55911 NaN
2893 605.8
55728 178.4
51634 642.6
9844 627.0
23274 NaN
26998 105.3
363 137.3
55584 NaN
80731 54.4
126070 NaN
84952 103.3
9173 368.3
23498 973.8
115827 350.7
10542 48.8
7106 543.9
375387 77.1
64446 NaN
254263 55.5
1131 175.2
199786 105.0
9064 757.1
604 879.1
81846 149.5
23466 882.4
55632 856.6
7180 206.9
7042 369.5
7272 1295.2
5133 41.1
23418 729.1
1039 152.6
550631 NaN
285268 211.4
7153 1558.5
162605 4.7
80741 NaN
9686 36.3
391109 9.0
9046 591.5
22980 203.8
7980 347.0
221692 123.8
200634 49.4
3115 1026.1
57488 124.2
285513 NaN
528 365.1
9718 93.0
80709 79.5
10393 1149.8
79364 150.2
56121 NaN
6793 726.2
2193 661.8
284827 2.1
79817 360.2
9654 201.9
440503 NaN
11231 868.9
10538 750.9
1002 27.9
10043 250.5
64397 125.2
2947 487.7
480 296.5
147912 237.3
27085 54.2
10207 382.0
80267 496.8
8660 981.8
143162 20.4
6543 309.9
818 1147.9
51365 62.4
84643 375.6
4642 412.6
30815 106.1
79412 18.3
55764 149.0
722 858.9
5288 149.1
221322 8.1
79020 19.8
23241 109.6
170689 1.6
387775 40.0
8886 1541.6
7319 1410.6
23105 132.7
84277 314.3
2673 1264.3
497189 NaN
55355 858.0
51091 113.3
5680 NaN
344658 NaN
4286 667.8
5192 419.8
84779 NaN
7257 446.3
27239 32.7
117531 2.1
6929 761.8
10522 327.0
90668 NaN
158405 NaN
10143 192.3
1947 672.1
27090 64.6
4848 851.9
9358 286.7
1178 608.5
114792 64.5
115362 1.8
84444 25.4
493869 769.9
11319 577.1
23705 529.2
143689 274.7
85413 80.0
282890 NaN
10501 404.9
5232 963.6
7770 541.0
136288 NaN
85291 9.0
153830 523.1
23313 946.9
92935 417.4
84342 239.0
51063 43.7
121601 NaN
84883 472.1
25902 290.7
54552 985.9
245812 170.0
81832 174.8
5360 1074.4
149076 8.9
9038 230.6
79258 40.6
57683 NaN
6492 513.6
9398 127.6
167838 27.0
60 1781.8
11103 1365.6
826 524.8
51095 169.7
22903 142.0
6476 222.8
2907 229.0
83879 368.6
284565 103.8
6403 308.6
5016 62.5
114904 84.7
282966 NaN
3459 551.3
962 680.3
81285 NaN
51031 114.6
30835 387.3
51593 48.9
4322 156.5
8894 1447.2
54680 363.2
2273 569.7
56729 25.8
9110 251.7
23217 NaN
9638 764.3
10155 721.2
146325 50.5
353238 NaN
26737 NaN
51433 676.5
57580 597.7
23265 909.8
127074 24.3
30819 197.1
1026 1401.0
80199 48.3
28 100.8
8942 945.0
8216 418.8
116841 151.1
6499 804.0
2779 1151.2
23513 818.1
170961 NaN
2289 701.9
79979 64.4
57692 35.9
84189 525.3
284232 NaN
9326 377.0
23378 1140.3
10277 464.0
55703 1224.4
51755 1378.1
22985 532.5
9878 516.8
57827 761.1
54920 617.5
6721 607.1
200942 69.5
6867 423.4
79645 70.2
5480 528.3
80723 38.3
6915 330.9
8790 34.0
390892 NaN
157310 135.8
2317 818.0
4704 795.6
121273 NaN
84665 40.2
57616 367.3
84435 NaN
85235 1401.4
5993 108.9
51429 494.1
145447 46.5
2065 1514.1
63901 26.4
126231 524.0
8678 414.2
23017 720.5
7481 8.3
6657 299.3
9518 187.1
55016 29.1
1548 165.1
6332 51.7
495 185.4
131578 1418.0
8686 NaN
3882 89.0
166379 74.5
401137 NaN
57600 NaN
25824 1031.5
3827 526.8
2531 483.3
3914 220.9
55559 11.7
56146 NaN
64005 9.3
27087 175.1
79882 214.9
4114 16.0
8715 30.4
26339 NaN
55057 NaN
83715 220.9
84619 120.7
79068 NaN
10990 NaN
57710 NaN
26227 1046.8
55657 83.3
219681 763.8
22937 282.9
51257 244.2
219931 NaN
157922 472.2
4882 9.3
4318 807.9
80213 107.7
7385 1328.4
6697 393.8
57678 380.8
7439 674.5
54480 NaN
8363 1495.1
2590 181.3
56905 NaN
150297 NaN
10735 1156.1
219464 NaN
89872 266.7
441581 NaN
27159 7.2
4736 1511.7
283149 259.5
3972 158.5
10469 883.1
414301 372.8
57467 46.0
26762 48.9
81794 1079.4
389000 NaN
10276 1029.4
10196 197.8
5581 1600.1
79830 12.1
50485 451.5
24139 162.7
6525 680.5
54567 877.8
55151 NaN
2049 1035.5
165829 190.9
83933 174.7
56923 0.4
8022 328.1
2150 258.5
131034 371.8
55231 0.7
22917 45.7
55226 1390.8
1375 294.3
254173 4.6
247 12.8
83544 237.9
29915 449.4
7763 364.3
25849 351.0
10466 716.9
389289 56.8
57531 99.5
22901 10.8
551 11.9
51085 391.4
751071 NaN
79091 NaN
4293 679.0
344018 39.5
196743 165.0
93664 625.3
4052 279.3
10802 234.9
8086 823.6
79147 559.7
26995 772.3
79846 171.1
4081 652.1
2305 1329.2
154064 22.8
8452 408.4
4661 318.6
55323 9.6
583 482.3
3749 309.3
344191 111.3
10193 242.8
2262 464.5
2214 1062.3
10818 525.9
163050 409.7
64714 435.0
7414 1144.3
646316 NaN
16 1302.1
353497 315.8
653583 NaN
79785 20.2
3889 162.3
55119 154.7
53354 506.9
3937 918.4
221035 NaN
7518 424.9
120586 6.7
28232 98.2
114088 492.8
51479 23.4
221458 24.3
10100 54.9
142680 NaN
222643 252.2
121260 80.3
5906 1328.4
80208 188.5
7798 150.9
26579 NaN
51191 127.8
390539 NaN
5511 790.5
4046 1133.8
311 185.2
92285 727.3
7596 522.1
145270 205.6
5687 1565.6
5721 923.1
5549 509.4
155435 148.4
5575 1098.4
85452 NaN
25953 653.4
1477 1141.1
22837 1141.0
388514 NaN
6548 376.6
23198 865.6
128371 NaN
401992 249.9
26019 722.8
3588 239.5
10004 47.7
10036 1115.5
8506 905.9
26121 976.3
83752 660.8
51550 3.2
100527949 NaN
146850 NaN
10539 780.1
1824 117.6
6461 391.9
343450 996.3
9641 1147.2
146802 139.2
2271 1072.3
8451 288.7
54954 NaN
284383 3.9
84446 1197.7
51112 409.2
222545 21.2
51447 297.7
79526 NaN
3364 791.7
2326 1046.2
1471 882.9
83592 67.1
26057 700.1
6141 1565.7
6493 254.1
64778 199.8
81543 20.6
3713 855.3
4306 421.9
100132476 NaN
1829 35.0
1357 145.9
57835 318.1
345193 NaN
137835 NaN
26284 780.0
79571 419.3
124220 23.9
284085 4.1
57211 21.2
55002 357.0
24137 1078.4
57602 9.7
4146 22.9
64858 206.4
56132 NaN
80201 883.7
53940 219.6
26492 NaN
1728 680.5
340273 256.4
8483 214.8
89790 129.1
6596 617.4
26524 848.3
144 NaN
54970 267.8
219436 NaN
81831 64.3
2342 588.0
8659 333.7
8243 1707.9
29995 18.8
79603 513.0
5887 1233.7
55205 264.0
1791 243.2
54919 547.3
11155 1031.8
388722 58.2
157313 105.2
338596 0.5
203427 106.9
57405 93.8
56957 116.6
902 1262.0
51093 9.7
221078 1731.0
3694 262.1
9058 298.2
285412 NaN
205860 35.4
84911 369.1
153657 NaN
9899 946.4
55013 225.8
84953 29.7
50807 244.7
81578 171.6
1014 95.8
642623 NaN
125931 NaN
5106 707.1
5076 331.2
54901 307.0
134145 128.3
119772 NaN
81562 225.2
8884 247.8
11269 985.2
115752 277.0
28299 NaN
28450 NaN
10169 85.2
257101 268.5
4836 951.3
92749 104.4
158427 228.0
29774 NaN
128611 NaN
90826 456.3
7251 1424.0
10011 193.4
131177 NaN
59342 422.2
56135 NaN
200407 8.0
23659 203.3
1136 295.6
23627 336.4
55061 NaN
55239 199.9
136242 NaN
3735 1131.7
353324 NaN
440073 NaN
822 872.5
50846 850.1
22933 568.8
1088 13.6
55665 207.4
9890 182.3
55915 55.1
3854 8.0
81850 16.2
1718 82.4
100126310 NaN
3756 765.1
3623 63.1
374393 3.5
9851 219.7
146279 24.0
3884 158.4
7589 374.4
400629 NaN
347862 242.7
89910 457.4
4978 719.0
2817 743.9
9092 798.5
339768 46.9
80775 85.5
1238 71.1
57062 1113.3
1759 1075.5
5332 499.8
162655 414.7
23387 772.0
146849 187.4
800 716.6
9570 139.3
1743 834.1
375607 NaN
400709 NaN
28432 NaN
4898 307.3
1318 783.0
25994 684.1
9931 220.3
7429 443.1
81608 911.7
54981 379.0
643866 275.6
25962 349.6
26074 NaN
164592 21.8
57158 163.7
7189 1254.6
3111 984.1
150737 305.9
115416 557.1
8916 118.9
23581 85.6
1558 446.1
7804 424.3
440519 NaN
976 419.5
55353 729.4
9218 677.4
146433 32.7
3607 583.1
9435 419.8
10981 747.3
3788 69.3
159195 235.6
254700 NaN
25802 383.0
284124 NaN
9883 478.1
253782 636.4
9362 200.7
1158 1198.3
7091 944.0
222698 NaN
9698 551.7
81025 2.2
23677 349.5
23275 NaN
9140 316.8
5236 1232.4
57053 353.2
5469 504.9
26156 1226.8
112817 158.4
145241 NaN
26957 NaN
25996 656.7
83861 67.4
55324 1152.3
147694 362.8
9554 922.0
24144 649.0
51529 708.7
51230 218.7
3505 NaN
56131 NaN
374977 65.7
84159 152.7
9668 821.2
5506 80.3
64895 634.4
1392 172.3
27005 58.5
5949 608.1
5426 1181.9
124739 153.3
10531 347.5
26115 NaN
79174 286.8
2038 299.5
64863 126.7
10613 593.4
54807 2.9
84223 201.1
2295 194.7
368 212.5
246 10.5
182 417.1
26060 520.1
202500 NaN
143686 223.1
2118 249.0
83448 868.6
71 1666.8
254042 233.6
127064 NaN
54925 164.3
7683 NaN
51279 74.5
57418 350.8
6045 243.4
79905 18.2
1951 340.0
28680 NaN
149501 NaN
54826 97.6
653441 NaN
4212 325.2
2175 606.9
6196 887.2
3950 2.3
55340 370.9
9737 53.2
57514 487.7
6309 1010.9
93661 152.5
55 428.1
8314 43.4
100130310 NaN
221060 NaN
79753 826.5
54762 175.0
1520 1146.8
6277 726.7
10194 14.5
6453 1145.5
22845 175.0
54823 262.9
55015 462.8
51759 30.9
23085 552.0
132671 NaN
56918 NaN
2561 110.2
10251 553.4
496 23.3
3646 1209.5
112464 102.0
7046 1705.9
134353 344.4
6450 94.9
10739 47.8
5330 983.8
566 109.7
389662 NaN
81697 1.2
57101 90.1
54869 313.2
8174 228.0
7941 894.6
5250 1249.8
23181 397.8
2695 6.4
23165 1312.9
2615 405.0
87178 1187.0
79867 NaN
6143 1472.6
7756 1034.0
4676 1012.3
131616 NaN
221178 779.0
54522 63.9
266724 NaN
653240 NaN
22909 84.2
129401 471.5
358 831.3
339221 498.1
139189 16.3
22955 151.5
51134 323.7
51255 807.5
124995 436.9
3628 233.4
9508 70.7
29998 7.7
55244 176.6
93474 708.9
8578 199.8
51599 193.3
145873 NaN