673 1298.9
2312 135.1
4893 1736.6
113146 NaN
94025 14.2
7273 1011.3
140453 100.3
3265 1824.5
285464 97.7
7038 306.5
284802 111.8
727897 NaN
996 1030.3
94137 2.8
1770 178.0
84033 189.8
388697 251.3
463 679.4
115294 201.6
4288 1296.1
58508 105.7
2153 956.1
6261 559.8
114784 140.9
4297 517.7
85301 NaN
83481 309.2
4586 NaN
5339 750.9
4588 NaN
2904 604.5
2051 1035.8
23345 399.9
6708 401.0
11200 1392.8
774 1061.0
7148 173.2
9774 511.2
5781 1303.5
7011 242.2
143 212.7
5314 319.2
3709 1229.1
23195 1114.4
394263 NaN
2483 112.7
1769 39.8
388698 191.6
55814 557.7
3845 1794.8
2125 587.5
1964 1445.9
353333 259.0
84059 171.1
83872 133.8
115701 34.1
50509 262.8
472 804.8
23405 1632.6
4300 411.1
285643 NaN
26974 347.3
64072 317.7
79026 344.8
545 1193.2
1176 611.2
10985 462.4
1767 610.5
25878 554.0
89795 634.0
84809 NaN
1114 101.4
7716 51.2
8913 45.1
54535 203.8
2318 602.6
23524 659.3
57619 1004.5
11214 717.6
4624 1192.8
57634 396.3
65250 NaN
2028 403.7
196385 22.2
9509 47.4
57492 796.8
10129 890.3
6996 699.5
4638 1025.8
1778 999.7
56134 NaN
338 1177.0
1293 954.6
7301 736.4
8735 1014.6
6560 104.0
3909 401.2
84498 316.2
8493 1159.3
8632 39.4
55127 499.8
23353 518.9
221037 879.9
777 972.9
57724 28.8
127294 NaN
55746 863.7
165140 1.0
4035 1088.9
26064 267.8
5493 444.0
9656 549.8
8546 709.9
2177 216.1
79868 87.0
51168 139.4
9612 737.5
1130 537.2
10564 1125.4
2804 224.1
162540 81.5
5644 745.8
57674 400.5
56097 NaN
146754 39.5
148741 12.1
51281 103.7
8729 1051.5
4583 985.7
667 707.0
57589 56.8
4703 140.6
26529 54.3
4589 165.6
5670 42.7
139378 11.0
20 194.4
3683 721.7
54726 378.9
8777 473.3
1282 1151.1
57188 83.2
3575 575.3
10395 175.1
2195 582.5
4215 1559.0
286 437.9
114788 39.0
6908 1513.1
5545 58.7
55454 186.9
7399 172.6
80144 882.0
4645 400.2
1289 620.9
7916 751.9
2316 1246.0
7576 NaN
4210 184.0
9248 4.0
57453 364.0
9611 659.6
126206 49.2
675 582.8
8239 458.2
3667 988.3
3911 1093.8
283130 96.1
3339 942.6
32 1027.0
6840 285.7
8516 677.6
3910 440.3
1292 642.8
23002 89.3
120114 NaN
653247 NaN
169044 NaN
6092 331.5
5116 202.8
8927 568.0
55567 48.2
23077 828.4
718 372.1
5799 742.7
127062 NaN
23499 993.0
90102 193.4
386679 253.0
54545 47.6
207 1572.9
23334 45.7
25981 96.9
6503 1088.0
1659 743.2
57482 NaN
2201 256.0
1755 112.5
57834 138.1
55534 192.0
5168 497.0
171019 35.0
170692 38.5
85319 0.2
339829 NaN
23293 389.2
9659 377.4
729359 208.1
153478 NaN
11188 279.2
5789 892.4
8857 426.6
401827 NaN
93492 413.2
284058 399.6
84162 NaN
114794 167.1
29951 6.8
5286 383.2
4026 688.2
23054 512.6
338662 0.2
6614 769.5
4621 1030.8
27445 NaN
1788 386.7
22899 39.2
5672 NaN
5606 764.0
8623 245.6
1777 84.5
80726 108.8
221223 14.3
27 1096.6
64167 163.7
51196 354.8
2196 137.4
21 38.7
22982 692.2
51586 693.7
64411 42.9
1006 80.4
10840 588.6
643905 NaN
79659 69.9
168507 66.7
1286 251.1
56667 186.1
1826 304.3
10579 388.1
633 1010.8
4017 594.6
114780 163.1
202 473.7
80036 340.6
145508 138.5
1302 88.1
9947 126.4
4485 875.6
10347 23.3
23533 124.0
287 1002.1
4440 899.0
55357 NaN
79987 608.8
169522 528.6
5294 952.4
63976 256.8
1303 573.5
9563 492.3
7158 522.0
54953 233.9
56130 NaN
85440 247.3
3105 770.4
288 676.2
5365 371.6
126638 NaN
2200 737.1
672 1278.5
23224 285.0
5310 652.0
5673 NaN
9172 397.8
259266 569.3
393046 NaN
90523 NaN
5256 193.2
6731 1267.5
1107 465.4
238 981.8
1523 814.0
9098 15.3
2324 1007.2
138882 NaN
56171 48.7
7143 111.0
4868 526.8
7455 179.5
23211 NaN
57210 NaN
4130 830.7
5803 488.1
176 196.4
4606 60.8
161394 35.0
26278 135.2
23140 183.5
161176 178.6
223075 195.5
55735 414.1
327657 79.8
10343 88.2
3183 1042.9
83660 178.8
55125 220.8
158471 1.3
5979 859.7
115019 1.6
57451 21.0
23560 1448.8
9378 294.1
57647 1142.2
25861 141.9
5371 893.4
55187 496.6
9154 36.1
5420 32.5
23362 554.1
54897 NaN
23064 68.0
4619 1058.0
5728 1327.3
64241 107.7
10763 850.7
55689 69.7
1501 789.3
84226 NaN
394 499.7
27248 257.6
2314 440.7
55578 131.0
6101 91.7
64324 320.2
284434 414.5
127066 1.4
9231 623.2
64478 127.0
122622 1021.0
63926 NaN
23450 1175.2
6098 1221.6
23294 401.1
84467 114.9
57685 305.6
8736 104.5
4131 1011.3
64772 36.7
158809 10.0
1822 1264.3
3782 326.7
7145 320.5
7010 873.6
5475 728.2
65122 NaN
57572 86.8
171389 9.9
54549 611.3
4892 187.7
80205 1108.0
25836 530.6
374308 27.7
1657 702.6
2802 256.7
151651 72.1
55832 545.0
5822 1023.7
8798 717.9
390439 NaN
26005 145.4
5290 1035.3
6583 91.0
57473 684.5
7840 12.2
55576 121.6
6711 833.1
3083 162.9
11095 15.0
146664 NaN
84074 104.5
114795 NaN
11025 1017.2
29 70.5
9278 691.1
115 121.7
144132 38.0
93589 807.3
79608 513.4
23151 175.9
6336 215.6
1438 354.6
5802 1075.4
10072 441.0
25956 324.6
65217 29.0
3359 217.2
50944 480.7
10319 19.8
477 793.7
25960 609.1
6582 79.4
3547 784.3
57565 334.4
2806 1120.4
64344 1312.9
3566 893.8
25831 561.6
5013 486.0
9721 171.1
7204 1171.9
5214 1160.7
442194 NaN
3908 687.7
7080 474.5
9119 33.9
1287 1020.7
259282 105.4
2185 927.1
83439 867.0
1244 736.4
4620 1155.9
5669 13.6
779 544.0
27164 609.6
348801 NaN
158326 110.6
2736 1273.4
23242 361.1
7062 NaN
653319 13.0
491 848.3
3101 1086.0
79142 NaN
1499 1574.7
55339 524.2
9858 93.5
219437 NaN
83550 NaN
6323 136.0
22992 412.3
54796 238.9
55799 479.6
85439 95.2
339976 26.1
5364 427.3
10725 499.0
26707 NaN
4862 403.2
4626 1055.0
10514 333.3
93035 291.8
10297 539.5
11173 200.8
27153 5.1
83637 342.3
51059 118.8
55153 1084.7
5122 199.3
23563 68.4
23005 1082.8
654463 NaN
22925 153.6
3008 513.3
2906 694.4
5139 613.2
11240 64.9
4298 155.4
117196 NaN
421 253.9
139628 NaN
5587 810.4
54795 25.8
2186 629.7
57479 NaN
4666 1296.6
375056 73.6
341799 NaN
283234 3.8
9672 1059.6
4137 1128.0
6262 819.7
4810 40.8
10142 857.1
7913 1169.5
23523 284.2
23236 469.0
259232 734.6
219417 NaN
8502 296.8
7703 315.8
57540 NaN
26173 18.9
23572 NaN
3120 834.6
55870 354.3
23086 248.2
215 368.1
9223 1782.4
92211 708.9
952 811.2
441521 NaN
4057 578.5
7799 111.8
386680 253.4
904 831.2
4261 707.9
1288 194.9
337986 NaN
55558 448.4
64377 NaN
55612 426.1
440050 15.9
10594 1182.8
139728 440.3
11043 51.2
10144 162.0
781 479.7
23522 264.2
283694 NaN
134391 16.2
25914 NaN
54777 NaN
4855 720.8
221935 14.5
9353 712.6
3703 950.6
157285 NaN
8848 606.4
8021 726.1
9757 166.2
5627 409.0
283455 959.4
2916 168.1
138805 102.3
10178 58.7
26154 129.1
29946 120.0
11078 148.6
3257 77.1
116113 48.4
1182 637.7
1462 1057.5
7466 26.2
8202 830.1
140690 347.3
11164 799.8
4486 1012.6
8912 244.2
29123 443.0
60680 504.6
9644 120.6
25929 624.2
4940 481.1
10683 188.2
8038 986.7
8701 167.1
84225 139.3
139818 507.0
10699 28.3
2532 149.4
3812 18.1
4774 478.4
393 333.1
9772 205.5
55781 1065.4
26040 38.9
55930 775.3
553158 592.0
1630 873.9
114026 348.2
57508 146.2
5591 1058.6
26740 5.3
54856 68.1
283284 330.2
9091 73.4
79400 245.4
54487 220.5
3708 1029.3
23037 79.8
56142 9.8
4734 649.6
439915 98.1
23670 32.9
2335 1192.9
8925 352.5
399947 NaN
773 1217.2
55589 1063.1
8482 85.7
606 NaN
9994 299.4
3938 322.4
256714 12.4
23091 349.6
55209 383.9
125115 120.6
56979 406.8
1269 2.6
2047 955.2
23544 NaN
9590 799.3
3376 1404.0
5331 379.9
23451 1268.9
390113 4.6
378938 NaN
54102 68.5
221395 326.4
284217 391.4
5858 140.4
4313 1075.7
93649 233.0
25885 911.9
8295 1125.8
116931 459.9
9688 1038.7
9343 1001.6
147945 61.2
57523 NaN
89876 36.8
6328 178.3
108 31.3
2157 347.6
84181 629.4
29954 924.2
100132406 NaN
3054 938.3
11113 1006.8
255104 408.7
9486 40.7
9990 189.3
23352 828.1
84699 307.0
58499 142.8
7058 809.9
170690 135.8
171023 158.1
80216 82.0
1009 583.0
170572 1.1
53905 506.9
3617 741.7
55757 218.7
202333 6.8
9332 1144.1
2066 1443.7
255101 212.2
54888 1769.1
159989 85.8
3371 683.1
577 28.2
64579 228.7
56980 113.4
128372 5.3
57568 380.9
8312 504.0
10045 180.8
22904 1031.3
221092 215.7
3912 421.2
8647 682.3
440533 NaN
2939 149.2
196528 805.7
80712 1042.9
27074 417.2
8050 494.4
1953 235.9
815 1090.7
55784 7.2
57191 NaN
23095 695.2
23312 441.1
80700 631.7
56978 2.0
55879 16.7
118611 NaN
10902 320.5
414918 32.7
121512 71.9
1394 211.5
401018 NaN
2891 498.7
90167 4.2
10734 284.1
10237 856.7
1641 508.1
4253 148.5
6511 11.0
23268 244.3
364 311.1
2778 811.9
9515 NaN
51366 1062.9
286410 210.1
80005 638.1
23286 332.0
3603 634.6
54456 NaN
84691 6.2
25790 82.7
647174 NaN
460 86.2
730 347.7
5431 1569.3
23040 75.2
23189 1018.8
259249 NaN
283951 NaN
133584 86.3
2800 367.4
1301 64.0
8751 665.7
7486 528.1
8853 292.8
64084 534.6
4547 181.7
55005 1.2
622 316.6
347365 9.6
9361 695.8
23082 50.0
23742 19.4
91851 32.4
64834 636.2
6872 1023.6
120775 NaN
4585 234.3
57380 554.3
357 260.8
219527 28.6
22995 346.0
4233 1044.8
54875 155.9
9736 535.8
55811 49.6
79370 117.4
10464 369.4
4682 459.9
7922 648.7
79623 97.5
1005 68.4
56164 524.2
5646 954.8
22997 NaN
2074 755.9
219875 0
5678 83.1
4059 145.3
776 608.8
23503 44.0
8972 180.9
1441 843.3
196968 NaN
55619 53.0
390594 NaN
256892 1.0
205717 383.0
8575 885.4
80204 743.1
389840 579.9
6838 840.2
11236 377.1
284086 714.3
91181 NaN
1468 437.0
127579 833.1
653492 NaN
56474 918.8
54443 833.7
23301 128.4
2217 1035.5
782 433.0
1373 1030.8
219 1068.4
6646 928.2
85320 165.1
80143 318.1
23654 NaN
57198 209.9
283989 75.1
56139 NaN
4172 1482.7
200958 27.3
390264 9.3
7253 390.2
780 785.5
3127 37.9
81704 955.2
254050 NaN
3852 1041.4
55904 195.1
720 314.2
8515 60.7
84103 NaN
117583 766.2
140803 245.5
57707 101.9
2887 580.3
2897 432.4
27018 510.8
7007 146.6
5042 1608.7
390078 NaN
56996 646.3
89766 286.4
55089 195.6
494119 0.4
3834 9.3
27163 0.5
29118 565.5
80235 428.0
8291 276.1
6547 953.9
2113 1156.4
2145 760.6
3751 307.2
57452 242.3
222826 NaN
2701 256.2
94160 13.5
9794 202.9
208 1059.6
391059 19.7
540 284.6
8078 576.3
22795 707.0
2733 605.9
387357 NaN
79776 143.2
79443 111.2
476 1290.7
23504 105.5
22983 669.6
59269 185.5
6830 921.1
10969 1285.5
391192 NaN
55691 57.6
1871 705.1
3918 115.1
3710 824.2
54346 153.3
10723 87.2
57466 315.2
11122 135.7
51295 262.4
5794 295.5
80864 241.1
5125 608.4
1195 1042.9
55901 27.9
9379 303.0
799 454.8
57115 NaN
390181 NaN
7364 567.3
955 616.5
2000 499.4
26033 173.9
10290 NaN
54477 498.0
84898 182.6
9459 672.2
7412 648.6
9857 180.8
5535 674.8
9841 44.3
5925 1252.0
83992 84.3
11086 11.3
140883 84.1
25879 1280.1
26140 2.1
9871 138.0
3117 400.6
22989 NaN
23116 193.4
2319 334.4
56896 408.0
54887 NaN
5362 448.7
126205 49.7
388646 1.5
441639 3.8
124359 418.7
3482 266.6
1583 372.8
80209 388.9
22861 431.7
25927 697.5
57642 3.7
54714 498.8
85449 8.5
22853 564.0
83416 24.6
57578 547.2
2774 264.6
9785 856.8
775 668.3
9700 781.1
57530 470.9
144193 402.1
84916 1286.8
5924 113.4
5980 712.0
83732 840.4
54014 266.3
1544 42.3
1106 987.6
654429 13.8
3455 278.0
9687 151.3
9652 788.1
148870 96.5
197131 586.6
921 734.9
53353 240.8
5649 156.9
54873 184.6
4952 995.4
63874 571.6
23135 164.6
5930 755.5
3913 427.2
84166 637.8
128368 7.4
1512 689.5
4763 1043.8
340980 NaN
54464 1426.6
29997 1104.5
23092 633.0
8747 NaN
285220 115.9
6993 399.8
23433 447.8
390151 NaN
3490 238.3
26020 23.8
121364 NaN
946 83.9
129446 NaN
10568 260.5
84075 NaN
7015 661.9
85441 117.6
1010 11.3
1374 71.6
79589 475.2
152110 811.4
338567 116.1
6730 572.5
5723 1025.7
169841 398.9
55206 252.6
3954 217.1
10808 1054.6
79892 59.0
54904 549.5
10767 630.1
10417 NaN
340527 NaN
642938 NaN
1794 1021.1
10780 504.4
201243 NaN
57480 17.1
8654 82.6
473 836.0
2491 NaN
8665 816.8
554 111.8
55320 399.6
55218 99.1
80179 47.2
8720 459.0
6014 599.4
50618 975.1
23007 140.4
80312 55.0
55727 424.3
3615 1561.6
148066 31.2
10664 523.9
3890 251.3
57731 442.9
51092 828.0
448831 NaN
9782 632.0
2648 1032.9
92736 24.1
51003 244.1
51491 287.4
3663 127.3
1108 711.3
4045 328.5
64855 12.8
29994 53.3
54878 201.2
178 858.2
5800 750.4
1588 184.7
4063 52.8
54830 10.3
390061 62.6
54880 326.1
121256 NaN
80032 306.3
157680 NaN
8875 108.5
9758 102.7
56833 448.2
1048 260.1
144568 29.5
390093 43.4
113091 3.1
343169 42.5
283987 618.0
256949 198.2
1786 873.9
2889 413.4
1956 1815.6
4881 195.1
10128 1161.1
22865 2.1
3899 969.6
11046 389.5
23300 67.9
55102 NaN
56154 NaN
1757 224.4
4641 527.8
84726 NaN
23379 NaN
4625 1167.3
79660 69.2
10014 579.2
119682 48.9
28423 NaN
51562 150.9
54832 490.2
10520 457.4
112802 NaN
9001 351.1
4685 294.9
390437 NaN
607 409.3
138474 856.4
1306 398.1
23049 662.6
7287 659.1
3106 690.0
25764 60.2
79784 1001.3
9340 146.4
7226 163.0
1627 364.5
11260 1040.7
317 251.4
8170 79.4
10082 436.0
57654 NaN
6585 899.2
9881 NaN
4683 621.8
57648 586.1
60468 1124.1
120892 422.5
3704 838.2
2550 547.6
245973 545.6
1915 1718.8
23143 399.8
28388 NaN
10137 213.9
1837 496.7
3690 887.5
6489 0.2
22897 171.7
116369 126.7
4651 414.3
84078 138.3
5179 5.5
131450 98.2
9887 506.4
1401 263.0
9725 40.3
410 267.8
5775 379.0
55191 319.0
316 205.6
84928 NaN
23 101.3
3064 886.6
10125 405.5
92017 115.0
8563 250.5
55164 263.8
4152 405.1
147409 NaN
51493 80.3
283459 222.0
22876 335.1
3991 433.8
80122 731.3
145483 111.7
4926 694.8
4939 666.2
374655 149.8
23506 245.5
23223 1200.1
53335 132.2
8888 445.2
26 31.0
114770 NaN
10057 327.3
60676 198.3
8366 1427.9
5903 1015.5
84196 536.9
89782 1.7
136895 NaN
10025 87.1
1785 781.2
4111 45.6
2011 1044.9
390883 NaN
79915 753.8
6206 1170.7
4110 171.9
9181 489.9
6335 126.2
6671 325.1
1801 1202.9
80128 478.5
139422 10.4
64434 153.5
257062 NaN
4552 149.9
2346 452.6
6331 321.8
9928 233.0
2892 520.3
9534 556.8
29894 969.7
91584 76.8
11064 557.9
5354 541.6
282770 NaN
9500 530.4
1258 698.6
9369 285.9
104 438.9
3501 NaN
3385 567.4
1815 262.1
2121 NaN
55030 168.4
5518 1501.7
23729 339.5
24 146.7
5295 1206.1
55299 1386.4
6133 1480.2
51167 263.3
7579 350.9
4649 1093.4
2634 1001.0
55197 552.3
23120 NaN
58484 117.4
10462 798.5
80063 131.4
5592 1026.3
23347 NaN
79788 581.9
11005 137.6
840 1015.3
8924 271.7
10941 135.5
65059 466.5
132660 533.1
3036 398.1
51809 59.1
9068 49.7
5007 514.9
9100 840.3
7083 1159.8
91862 191.5
4185 11.6
4217 1175.3
63943 297.4
27013 61.7
7802 311.5
100499483 NaN
3675 765.0
5167 158.0
643314 NaN
5146 1.1
9260 445.6
118788 914.9
5178 336.9
11325 503.4
3163 260.7
201305 223.9
51684 603.8
57509 157.7
3645 1309.7
10847 786.8
338674 5.5
9267 264.8
93210 605.2
643664 NaN
54465 NaN
6718 339.6
23516 38.2
11186 459.7
23452 748.4
91351 NaN
120065 NaN
93233 NaN
10460 1083.0
256646 NaN
27152 67.8
2328 412.7
2555 51.0
28983 98.6
10994 272.8
80206 14.3
79802 12.6
8541 192.1
23025 711.2
80270 273.5
10930 5.7
65981 117.3
51224 78.7
489 547.1
29881 315.3
9411 286.2
4776 830.6
25 1418.0
1464 371.4
79585 770.3
152273 29.3
57020 654.4
84692 NaN
26251 16.6
7161 754.4
3309 1697.9
717 713.4
9448 1019.8
747 230.7
7049 759.2
56995 240.5
54845 629.3
9980 57.2
219952 6.0
56145 NaN
84628 70.6
23767 40.1
26011 NaN
2890 699.6
56129 NaN
10076 349.2
9055 976.3
2875 421.3
79726 146.0
123606 11.0
440435 83.7
11262 379.9
3688 1154.3
636 317.8
4012 438.4
5165 451.0
959 139.9
5069 366.3
1281 1018.4
1284 963.8
3312 1969.1
1316 936.1
7373 532.9
116092 177.6
220164 220.4
5510 855.1
7109 366.5
1278 1338.8
26152 506.5
25813 674.6
91752 31.0
3717 1196.5
1103 440.2
83596 9.5
64430 313.8
5798 1217.2
9904 970.1
1780 633.8
1553 28.6
728215 NaN
8816 386.6
2033 1590.7
245802 64.6
8832 109.2
3503 NaN
85415 553.0
200312 NaN
53918 616.3
55291 1084.7
347527 6.9
64219 70.2
57338 144.9
55275 346.8
5795 583.4
124274 65.4
9578 756.2
79783 65.2
57194 232.2
401250 NaN
79671 9.9
1729 1379.3
138311 NaN
1310 NaN
9909 NaN
57539 67.5
54187 200.1
9061 873.1
84636 NaN
4599 718.1
27128 953.5
6594 1092.2
6546 577.4
2580 818.0
23317 525.6
4647 835.1
23383 124.0
10848 241.7
203074 NaN
55966 75.6
57215 126.1
64170 134.8
27352 81.1
84700 250.2
56125 NaN
23310 376.1
28959 NaN
117532 1.5
57597 NaN
8437 603.0
377677 178.7
2863 7.6
8661 1078.1
65989 91.5
11083 193.2
3071 978.2
2912 245.8
4053 311.4
79001 749.0
2132 169.7
101 551.0
4851 1426.4
6278 271.7
91074 259.7
23258 265.4
23461 187.3
26167 9.8
152789 646.2
84172 1351.2
219959 NaN
55582 276.1
23130 56.6
4439 840.7
51752 349.4
22894 1239.1
2592 846.7
6775 524.7
340578 NaN
27299 297.5
448834 NaN
22852 131.6
200403 NaN
79864 NaN
80724 91.9
4993 NaN
79832 543.8
6524 43.1
4015 616.7
3619 402.5
26094 436.1
55732 NaN
80184 113.6
93663 629.5
25791 163.9
81617 414.2
390429 NaN
7456 1101.5
145864 33.1
79173 42.8
9639 NaN
8029 868.7
259292 NaN
3891 358.3
23240 170.8
254552 439.0
239 76.1
10326 132.2
131 69.9
51386 738.0
4289 189.8
8455 682.0
79908 101.0
8567 954.7
133522 81.4
116966 172.6
55770 1076.7
2158 176.6
4125 197.0
8443 216.7
51135 805.7
271 502.1
4067 1429.8
387646 102.5
23112 355.8
1954 283.9
55160 25.3
26658 NaN
94015 33.1
56776 292.2
79012 1072.6
5601 1340.5
5676 NaN
2734 261.9
4342 864.2
10497 856.8
57608 NaN
3679 438.2
7757 589.0
51517 321.9
28227 321.1
324 982.3
22863 104.8
10609 150.4
401024 NaN
372 769.2
22911 66.2
2275 561.9
79368 285.2
10769 958.0
59343 188.0
27161 1073.7
6305 134.2
157855 NaN
137964 130.6
2245 175.6
22841 311.9
28988 130.0
6311 1006.6
7185 992.3
116443 233.1
3075 179.4
2899 405.0
124751 NaN
89845 146.8
114548 46.8
3791 1030.8
546 418.1
387129 NaN
9914 732.4
10743 95.8
143458 23.3
55633 359.8
6263 249.4
8614 334.8
9882 452.7
148 125.8
143684 46.6
10401 668.6
322 1065.6
55667 30.7
9290 2.6
24148 1032.4
389136 478.3
403313 63.8
50613 390.8
5298 800.9
22859 293.8
7045 1059.0
9681 521.0
1663 761.0
390142 NaN
320 790.5
10555 385.4
254268 NaN
3383 732.0
55183 664.2
416 86.1
7139 761.0
91452 30.7
8994 78.4
7772 NaN
64127 131.5
51735 259.7
9787 813.2
222487 28.0
92291 NaN
7157 1549.5
11107 115.6
10075 1141.6
58506 373.4
341350 68.7
9732 637.0
6621 117.7
3633 183.1
79414 104.4
3681 99.4
149647 NaN
7766 409.3
4301 778.7
3697 173.0
63035 129.1
23613 500.5
54906 NaN
317781 937.5
10645 1039.9
23019 942.9
90956 179.9
199777 NaN
4036 908.7
8218 1028.5
56252 NaN
54812 283.1
89796 661.8
8404 718.3
22 343.6
6821 349.9
56270 183.7
10180 103.1
9108 1.5
1439 1024.9
7059 181.0
55290 951.0
654 576.9
4772 553.6
2703 23.2
114824 NaN
10299 219.9
4147 339.8
7094 607.0
3313 1388.6
79990 134.6
57468 216.6
6259 728.2
378807 NaN
79705 522.5
90332 110.0
22981 350.3
28461 NaN
84249 239.0
9666 267.5
3172 659.0
23035 647.8
6597 1713.3
57140 409.4
6397 964.9
8019 801.0
4100 158.7
4700 485.1
3886 212.7
6709 1070.1
343505 NaN
1840 564.5
1066 279.7
3227 NaN
10999 437.3
23617 607.4
55867 201.3
5136 236.9
55959 73.4
23657 523.1
3099 1006.7
347051 137.8
5104 379.6
390212 151.9
259295 983.4
8325 355.3
2803 700.5
92797 213.7
6625 1135.8
26038 426.7
120935 99.9
219965 NaN
6239 323.9
6561 689.6
92 1139.2
170063 NaN
5608 672.9
9726 95.4
2801 378.2
9742 593.1
54800 154.1
146183 NaN
65061 692.9
115352 139.3
54576 155.5
6817 235.5
27151 114.5
10903 40.7
400569 624.8
23177 11.3
7369 114.7
5336 1055.8
10457 704.3
4690 1091.0
165082 17.3
23145 NaN
8392 5.0
23113 167.6
23081 272.4
8726 554.8
390436 6.7
114836 99.6
23131 410.1
642475 NaN
58510 25.2
8161 664.5
55681 586.9
80243 535.9
55192 623.1
63925 343.4
3939 1283.4
57644 178.6
8001 324.2
169792 509.0
8500 824.4
8664 1367.3
440051 36.4
6601 1424.5
80333 971.0
57113 21.8
3811 269.2
4600 515.3
246176 26.9
2525 431.1
492 569.1
100129259 NaN
139249 NaN
374868 370.7
27201 120.1
51283 164.0
6249 300.2
284948 NaN
170527 NaN
154 608.1
10294 1288.5
10278 215.7
55720 1237.7
116985 12.6
391196 5.0
28964 684.3
6441 133.3
272 310.4
57670 NaN
284680 NaN
140807 NaN
8532 367.9
23041 171.2
83594 341.2
3475 732.9
55655 549.0
140678 NaN
1362 472.6
50506 596.1
389208 98.7
80343 NaN
29964 923.4
874 166.0
23409 144.9
54504 599.6
84441 121.1
221472 90.2
283848 15.0
51477 1232.3
64421 368.0
9150 618.2
2859 63.9
81786 21.0
4308 243.5
1602 931.1
9814 81.0
538 304.9
7761 456.6
90678 125.1
63923 71.6
2619 899.8
6559 430.2
3635 854.0
6527 34.6
55643 403.2
1586 57.1
22919 1237.2
91694 615.5
634 459.7
53904 820.8
22907 281.3
283450 166.1
51534 942.6
55367 147.6
119467 NaN
23101 966.7
57019 65.8
131873 NaN
9940 34.4
56128 NaN
4617 534.4
643803 NaN
27340 1055.4
6712 521.1
29775 524.7
283777 NaN
10916 434.1
1776 129.1
5241 440.1
81671 843.2
200162 455.8
23178 858.7
4739 538.0
5778 843.5
833 690.5
138883 NaN
55760 NaN
100506658 NaN
25959 316.1
283985 39.4
6424 516.5
85417 764.8
5091 781.2
1488 891.1
7448 1024.7
6668 361.9
1584 144.1
51554 59.0
6504 227.8
11108 60.5
27030 433.6
54497 29.6
7384 885.8
149954 330.1
6770 491.8
4729 567.0
8831 350.6
56288 858.7
84376 147.3
7112 729.1
81847 294.5
2794 1161.8
22906 302.8
219482 4.2
337 211.1
403278 NaN
55610 7.3
923 163.8
81929 1060.9
57613 369.0
153642 6.6
22794 1079.7
10324 49.6
80070 353.8
57533 20.9
9183 887.6
65985 466.9
8805 1040.9
23536 91.7
58487 342.2
146540 144.1
160335 128.1
23114 510.3
4675 717.2
51520 1052.9
55809 490.3
5161 599.7
8863 468.0
57147 101.0
84674 157.2
55818 440.3
3098 755.3
2762 177.1
1856 977.8
137682 101.8
22986 644.8
126326 188.0
219447 54.0
10551 258.1
284729 NaN
83650 76.0
10079 249.9
57168 8.5
114 559.8
23520 469.7
65268 469.5
51291 1038.8
1104 1157.1
3802 32.9
5251 33.3
9919 141.6
51010 494.1
5801 557.1
3915 205.9
18 916.9
79740 199.9
56992 1066.5
7267 288.5
5074 260.9
56267 273.6
2192 957.7
118738 226.0
290 933.3
56203 174.4
9790 993.5
8470 1098.8
4126 152.9
140894 35.8
55303 344.0
2323 27.7
51451 477.9
79837 37.5
375719 NaN
84905 152.1
386678 253.7
55628 NaN
84203 601.3
644768 NaN
256957 NaN
136306 23.0
4043 204.4
392335 NaN
56890 NaN
5651 201.8
9701 760.6
7538 980.9
9711 NaN
23023 192.5
3361 1.7
79874 254.2
1297 213.9
25900 147.2
54507 236.6
140469 567.3
5442 86.5
150696 206.0
9365 381.4
64900 6.6
57591 366.8
58509 69.3
338557 74.3
10350 114.1
59341 291.8
9877 785.2
55717 53.4
51773 287.7
1184 537.4
51129 323.2
9823 20.2
2058 1399.4
3674 794.1
57178 389.7
57162 186.5
1857 934.8
431705 31.6
55344 178.1
403253 5.9
55051 36.2
54849 NaN
3329 1540.4
9743 616.4
58 1427.2
9389 130.0
51317 678.3
441442 NaN
30011 1115.9
79139 322.0
7450 685.6
56606 562.7
26267 NaN
9907 292.9
25865 705.9
9457 301.6
25833 461.1
728294 329.0
5239 650.9
150572 362.6
11037 512.5
23518 438.0
28426 NaN
89884 293.3
83759 147.3
1847 380.2
57148 382.1
55133 221.6
440193 392.7
9153 15.8
83903 NaN
10195 738.8
347516 91.2
79041 NaN
79441 58.3
155038 287.0
55135 484.0
144577 NaN
128859 30.9
5927 593.2
9937 689.3
3270 532.5
26281 505.4
25819 140.8
3748 294.1
3700 769.2
3684 709.3
9825 32.0
116285 102.7
1463 238.6
9777 1057.3
23139 762.3
9699 946.6
285349 348.5
1557 148.0
3590 60.1
1559 174.5
26025 NaN
128553 26.2
4999 1024.4
4054 561.7
10211 473.0
10576 1237.3
151887 618.9
80162 342.1
57828 NaN
488 1372.8
229 459.0
400258 NaN
213 322.1
346606 117.0
2260 1429.2
57529 3.7
158293 70.1
163051 558.9
84140 32.6
57513 93.5
6310 1115.2
8828 149.1
10893 378.5
333926 318.0
64215 334.4
10973 655.1
4842 676.9
267002 NaN
4103 158.7
4522 1339.2
57689 256.5
11120 26.9
22926 515.8
2039 932.8
9057 155.9
221188 16.1
56126 NaN
2868 526.3
6934 963.2
79919 23.2
27320 NaN
148109 NaN
27286 328.9
629 819.3
340595 115.0
6299 702.5
2870 884.7
51393 20.4
2564 828.1
51132 207.5
8412 592.1
51692 1085.6
152015 241.8
344320 NaN
399814 108.8
63898 163.8
3238 223.2
94104 584.1
51133 55.4
103 511.4
341152 NaN
2166 760.0
119 665.0
158763 2.2
6340 1016.5
57547 505.6
5108 303.3
123099 107.2
9202 716.7
84959 336.1
7093 274.0
119692 125.1
8467 1243.6
219855 19.0
9074 25.3
4948 72.5
26986 1785.6
23373 711.1
51566 480.0
838 956.8
6892 465.4
758 67.5
23424 108.7
54476 172.6
79072 22.6
2775 1416.9
1270 185.0
137012 NaN
57037 177.5
388939 NaN
286365 56.5
54892 814.7
1638 522.5
54828 603.8
7701 77.1
26058 574.7
55180 85.7
153020 34.9
26538 244.7
3431 497.1
64857 186.1
55276 317.4
22844 180.4
2070 804.2
79168 NaN
219429 NaN
79152 996.3
64761 655.1
90187 143.8
114783 200.6
23261 113.0
23245 40.0
1063 1217.3
23244 591.1
727 547.2
200916 NaN
10451 837.9
2822 270.4
2886 579.2
56140 NaN
10371 324.1
26747 304.8
871 995.0
84079 480.1
887 17.0
114798 90.8
56204 270.4
92235 196.5
10291 1192.3
2982 116.5
2998 567.2
3030 762.0
129049 NaN
2071 1061.0
55295 67.9
55247 413.5
441376 NaN
214 454.7
4340 14.9
6564 519.7
90362 1.7
6580 94.3
29113 3.7
4804 712.6
55756 152.9
80352 109.9
27291 NaN
4756 664.0
23133 162.7
23036 NaN
51726 464.7
4629 1069.4
53836 NaN
4644 1065.3
150094 761.6
6581 154.6
57761 746.5
23132 454.2
10659 884.3
338323 220.1
119180 34.7
4725 609.9
57722 12.7
80129 219.4
10240 255.6
79810 25.7
6256 1071.6
222229 20.1
50651 NaN
2984 383.2
9149 862.8
114132 182.6
392636 63.0
8688 12.1
339366 186.7
9213 391.2
158724 NaN
148811 733.7
7178 838.1
390167 NaN
94121 143.9
3096 211.4
9261 905.6
54537 333.5
124602 404.0
78991 107.5
222389 70.8
197335 405.6
9437 50.8
29943 NaN
1123 271.2
3122 907.1
4987 63.2
3554 835.1
9037 342.9
359948 687.9
28682 NaN
51195 28.6
282618 4.8
26230 406.4
79733 553.0
57144 657.4
10844 168.2
83755 371.3
145173 86.7
403239 NaN
8829 505.3
5921 953.8
23250 267.7
2776 1082.1
729 175.8
168667 127.1
5873 914.1
84720 293.7
8989 71.6
119587 634.2
255631 19.6
11052 718.8
9863 1671.5
7216 429.7
154664 0.1
23207 NaN
23144 217.2
3752 59.0
64092 844.1
200931 197.8
8727 349.8
284403 592.6
221711 NaN
89858 271.3
28420 NaN
3848 495.0
63948 216.0
5899 407.7
7994 1226.9
55107 289.9
79695 213.8
57186 14.9
5995 23.2
55624 NaN
8471 487.3
55171 279.6
8439 659.1
284904 1061.9
211 925.9
163 1065.3
5787 496.8
8871 1032.3
392140 NaN
9869 397.6
9159 841.8
11190 468.7
84890 234.1
79167 NaN
150864 NaN
123775 27.1
2914 189.7
339324 NaN
51311 287.9
3480 1546.4
146862 361.7
4929 274.6
254783 NaN
219960 NaN
6960 NaN
91653 360.1
56112 NaN
144165 345.5
54819 91.2
11030 739.8
54899 322.1
285368 46.8
8887 404.9
170506 682.3
79956 238.7
442444 1.2
29930 NaN
283870 NaN
5334 598.9
5338 677.3
79058 154.4
388325 NaN
3305 1340.2
7367 480.4
7403 1056.3
3321 440.3
29958 494.8
9392 306.9
54414 NaN
23647 319.3
261729 110.7
23583 184.7
23284 106.9
163223 405.0
5062 1430.4
119710 NaN
7047 109.1
26036 337.1
6999 145.2
80274 90.9
5306 239.9
1268 102.6
56111 NaN
29978 826.8
22828 86.3
3123 669.4
83756 8.6
5894 1641.8
23584 7.8
64423 230.5
5034 1496.6
84073 84.7
3685 935.1
7767 506.6
400935 NaN
5638 27.3
11277 538.2
56339 351.7
91156 30.3
9728 221.4
9648 569.1
1428 31.1
1080 1116.5
9600 235.2
64599 178.7
58516 481.7
6894 651.8
11057 366.4
83440 283.1
6650 158.9
63979 479.1
23053 240.0
4171 1424.2
2357 1155.3
57592 NaN
80110 348.5
157956 NaN
57605 240.3
151790 399.9
127255 293.8
8384 NaN
8368 1407.5
350383 NaN
57512 434.4
2213 1241.8
84125 371.6
90485 49.3
221336 NaN
6538 4.3
55423 164.2
53358 376.8
57448 386.3
84464 NaN
54972 140.3
196996 111.9
4041 442.3
23263 768.5
10753 217.0
339501 NaN
3091 882.6
9788 173.6
1608 268.5
126549 98.8
3673 819.8
386676 253.7
54914 4.8
23231 56.7
163479 NaN
5834 602.4
23167 398.6
116496 366.4
1816 56.9
55074 364.4
84541 66.6
10060 120.5
285231 NaN
79710 276.2
23046 701.2
59284 62.1
26532 22.2
51136 237.1
63897 351.4
133121 32.1
8313 194.3
85461 591.2
30817 101.6
9498 56.1
6942 214.9
1629 350.2
57633 61.1
54490 161.3
89797 670.0
54053 NaN
6253 754.4
84678 252.4
55109 1051.0
8666 1175.0
54980 NaN
2334 553.9
348980 140.4
9096 16.6
199870 53.6
2159 573.1
1917 1543.6
25827 1063.1
2828 5.4
201232 741.8
1758 222.0
116935 NaN
54885 532.7
474344 27.9
23247 12.1
56262 183.1
11099 433.2
6046 878.2
115399 571.8
11209 NaN
30833 42.8
862 599.4
5727 1078.3
154197 34.9
23431 109.2
2078 508.0
478 1215.8
285527 135.1
348180 404.6
9705 272.5
197358 233.4
55300 362.3
57713 148.3
6653 435.1
1149 7.3
3006 509.3
9497 816.5
90850 156.7
5934 980.2
23367 1012.4
23351 20.3
8030 321.6
2559 5.4
113451 297.3
10107 25.1
7278 1419.3
4605 1197.6
100526835 NaN
2847 20.7
84612 792.9
5998 452.7
8986 727.0
3949 448.1
3775 999.4
204474 127.6
338699 104.5
57697 706.3
28513 74.9
9817 258.9
1277 1100.0
26659 5.6
84455 NaN
9321 246.7
55508 61.1
137902 33.0
345079 81.4
147798 89.9
8233 125.8
7932 NaN
11272 7.4
122042 26.4
3836 1243.6
3757 702.5
125 113.5
752 809.5
219623 NaN
80217 NaN
6862 29.1
575 277.1
4829 12.9
286753 NaN
64866 151.7
9099 405.2
4143 1395.2
79611 95.4
109 128.9
340075 39.7
64240 3.6
3293 499.6
127 765.6
85302 25.3
84515 566.5
127059 NaN
83639 163.5
85015 234.2
150709 144.0
65266 452.6
10714 536.8
6238 354.1
54625 788.3
203228 211.4
221937 445.4
3838 1318.6
23541 999.9
85444 170.8
442185 NaN
8394 835.3
29072 791.7
57109 982.4
285877 NaN
5308 1109.1
23493 232.6
26608 642.5
6924 869.6
8347 1277.0
57124 114.4
3069 1383.2
29953 132.9
23590 229.1
283687 NaN
89941 590.0
1404 113.7
84148 334.9
51750 414.2
84951 179.0
252983 251.3
27328 NaN
136332 1120.9
10392 325.1
29986 119.0
85285 9.2
479 243.9
54436 NaN
173 28.3
6318 338.8
219453 NaN
400668 NaN
25904 215.0
345062 NaN
7503 NaN
25778 543.0
56103 NaN
10331 193.8
23380 409.5
374378 52.8
84133 NaN
1982 480.9
375449 131.4
9738 217.1
525 304.2
161424 814.1
3276 1505.8
10154 81.6
283316 333.6
1261 679.8
55684 49.2
344758 NaN
54836 296.8
51077 633.6
26018 263.3
56983 NaN
113000 246.9
11004 688.6
9770 544.9
23191 397.3
113174 109.8
3070 657.7
219493 NaN
3725 1482.0
84436 506.6
23126 89.2
10859 807.5
8874 739.9
10891 534.6
3695 1150.2
122742 NaN
25777 710.9
84631 262.6
55734 531.2
65057 205.2
9211 4.7
4716 669.7
26130 758.7
6733 939.2
23157 432.1
326624 166.2
58513 605.4
115557 186.1
257106 319.9
343641 11.2
3550 407.8
415 153.4
1612 698.7
125488 221.4
51700 639.4
3741 350.6
11309 827.0
441391 NaN
55622 907.9
9398 123.7
51343 1194.5
6094 653.3
4189 574.1
5319 164.7
51738 9.0
59344 19.0
100302212 NaN
404093 74.2
1565 87.8
11138 607.1
10232 39.8
10635 681.8
90338 545.7
5335 1188.8
150684 77.9
166379 72.2
57501 NaN
94120 32.2
2562 759.2
22801 65.3
3696 188.7
137362 323.1
4673 1370.5
2119 449.6
10161 877.7
84275 371.5
51256 467.9
3920 508.0
84435 NaN
7564 646.9
57827 740.2
83605 482.8
221143 310.9
400566 7.3
7545 488.2
4609 1447.9
23420 1041.2
221150 NaN
23096 NaN
6692 294.5
57464 9.2
6242 356.9
151516 167.3
81029 389.5
6103 481.9
92714 67.5
56987 247.5
63893 97.8
29883 841.0
51149 NaN
2160 395.3
66002 152.8
113 376.2
10243 397.3
80317 490.4
340533 NaN
134526 119.7
79834 NaN
547 702.0
23705 517.9
389677 281.7
2676 174.1
401375 NaN
29028 1193.4
5480 512.4
79843 NaN
4163 745.1
535 1133.6
1407 959.7
9326 365.4
27134 282.7
60437 NaN
9724 954.6
6389 1029.9
84295 NaN
63916 731.6
729330 20.8
55345 NaN
79324 NaN
9828 NaN
2107 1404.0
4168 219.6
8405 721.1
10484 999.0
2263 1214.0
6357 104.3
23369 373.4
4323 361.6
342933 NaN
2155 193.0
22984 353.1
7625 523.4
116224 NaN
26189 17.3
5360 1041.8
55131 1395.0
123803 446.3
149473 85.4
26148 10.7
79595 78.1
22829 587.0
4221 609.4
729475 NaN
7707 399.7
2041 870.2
7060 38.9
55297 31.9
54874 769.2
80150 930.7
10 487.0
2327 391.2
84239 345.0
55704 484.3
57610 302.5
23414 337.5
112849 107.5
5576 1071.5
283383 13.2
84179 33.5
6293 660.3
5746 139.0
8353 1043.9
359845 311.9
8338 1323.6
80017 585.9
58489 NaN
1496 673.0
8686 NaN
123016 608.8
133558 181.8
9844 612.9
22885 705.6
4593 725.5
55800 33.4
201595 1030.9
145645 NaN
5255 337.2
8125 1031.4
58505 805.4
92359 180.6
653509 NaN
54629 20.0
2199 946.7
26054 232.4
65975 566.1
3561 811.7
116328 NaN
10452 1207.5
85443 NaN
152687 650.8
962 664.1
130535 NaN
54704 593.9
9646 754.4
11112 934.1
10690 NaN
387104 94.7
2219 827.6
51379 89.4
57526 1.6
126375 405.1
375248 41.0
134 331.1
4115 55.9
51001 24.2
54847 NaN
2907 221.5
284443 559.0
83990 420.2
11103 1323.6
1349 733.3
3821 124.0
124637 153.0
79591 50.7
6002 714.9
51669 319.7
3428 198.0
144245 17.6
79020 19.2
84883 461.3
7422 762.7
3636 701.7
5016 59.9
9372 656.4
1026 1356.9
64284 234.0
284207 NaN
50937 167.9
11074 8.8
9675 78.2
128866 683.0
23513 794.2
22938 1317.6
441581 NaN
1952 709.9
5783 506.6
3716 1197.5
9960 159.3
153572 283.3
826 510.2
26508 590.6
79068 NaN
9956 47.3
9643 916.4
64412 747.1
54843 769.1
23378 1108.7
839 445.9
403273 NaN
54480 NaN
8935 192.9
915 700.3
79722 281.3
5288 147.8
57143 305.6
4173 1318.4